10.4983 20.3582 28.4242 31.6536 @5783
10.1143 19.2505 26.7243 29.7166 @6807
9.8049 18.5095 25.6301 28.4810 @7830
8.5660 13.9975 18.4388 20.2170 @8854
8.3901 13.9101 18.4240 20.2313 @9994
8.2081 13.6931 18.1785 19.9743 @11017
7.8981 12.8670 16.9301 18.5568 @12040
7.3312 10.9866 13.9745 15.1707 @13063
7.1033 10.5026 13.2810 14.3933 @14086
6.8664 10.0471 12.6465 13.6873 @15154
6.5692 9.3417 11.6072 12.5142 @16177
6.4201 9.1766 11.4290 12.3307 @17200
6.2423 8.9277 11.1221 12.0007 @18223
6.1459 8.9621 11.2636 12.1850 @19246
6.1418 9.2586 11.8063 12.8263 @20320
5.9852 8.9636 11.3981 12.3728 @21343
5.8034 8.6205 10.9229 11.8447 @22367
5.6070 8.2572 10.4232 11.2904 @23390
5.4699 8.1451 10.3317 11.2072 @24413
5.3464 8.0403 10.2423 11.1239 @25486
5.1980 7.8086 9.9424 10.7967 @26509
5.0883 7.7615 9.9467 10.8216 @27532
4.9441 7.5755 9.7266 10.5879 @28555
4.7774 7.2603 9.2899 10.1024 @29578
4.6589 7.1411 9.1702 9.9827 @30645
4.4963 6.8918 8.8501 9.6342 @31668
4.3236 6.6199 8.4971 9.2486 @32691
4.1412 6.3407 8.1387 8.8585 @33714
3.7845 5.7721 7.3969 8.0473 @34737
3.6271 5.4110 6.8691 7.4528 @35846
3.5014 5.2234 6.6309 7.1944 @36869
3.3596 5.0119 6.3624 6.9031 @37892
3.2068 4.7839 6.0730 6.5891 @38915
3.0476 4.5464 5.7715 6.2620 @39938
2.8926 4.2947 5.4407 5.8995 @41013
2.7438 4.0738 5.1608 5.5960 @42063
2.5983 3.8220 4.8222 5.2226 @43121
2.4666 3.6120 4.5480 4.9228 @44175
2.3614 3.4597 4.3572 4.7165 @45205
2.3235 3.4500 4.3708 4.7394 @46245
2.2935 3.3834 4.2742 4.6309 @47274
2.2767 3.3672 4.2584 4.6152 @48328
2.2677 3.3268 4.1924 4.5390 @49352
2.2526 3.2862 4.1309 4.4691 @50405
2.2408 3.2620 4.0965 4.4307 @51428
2.2112 3.2188 4.0423 4.3720 @52481
2.2026 3.1651 3.9516 4.2665 @53504
2.2225 3.2010 4.0007 4.3208 @54558
2.2449 3.2097 3.9981 4.3137 @55583
2.3350 3.3738 4.2227 4.5626 @56628
2.4308 3.5035 4.3802 4.7312 @57657
2.5724 3.7355 4.6861 5.0667 @58711
2.7186 3.9464 4.9498 5.3515 @59735
2.8682 4.1279 5.1573 5.5694 @60787
2.9863 4.2747 5.3276 5.7491 @61810
3.1261 4.4871 5.5994 6.0447 @62863
3.2906 4.6991 5.8501 6.3109 @63888
3.4185 4.8797 6.0736 6.5516 @64940
3.4904 4.9687 6.1767 6.6604 @65963
3.5407 5.0314 6.2495 6.7372 @66986
3.5936 5.0856 6.3047 6.7927 @68009
3.6433 5.1651 6.4085 6.9064 @69057
3.6564 5.1638 6.3954 6.8885 @70082
3.6571 5.1494 6.3687 6.8569 @71105
3.6780 5.1782 6.4039 6.8946 @72128
3.7450 5.3283 6.6220 7.1400 @73151
3.7878 5.3453 6.6179 7.1274 @74174
3.8419 5.4691 6.7986 7.3309 @75197
3.8637 5.4766 6.7945 7.3222 @76220
3.8801 5.4751 6.7784 7.3002 @77286
3.8850 5.4557 6.7390 7.2528 @78309
3.8801 5.4203 6.6787 7.1825 @79332
3.8568 5.3641 6.5955 7.0885 @80355
3.8474 5.3557 6.5880 7.0813 @81378
3.8366 5.3519 6.5898 7.0854 @82402
3.8281 5.3821 6.6517 7.1601 @83425
3.8051 5.3382 6.5909 7.0924 @84459
3.7602 5.2626 6.4901 6.9816 @85483
3.7180 5.2080 6.4253 6.9127 @86506
3.7174 5.2422 6.4881 6.9869 @87581
3.6863 5.1749 6.3912 6.8781 @88604
3.6703 5.1508 6.3604 6.8447 @89627
3.6348 5.0438 6.1949 6.6558 @90656
3.6735 5.1186 6.2992 6.7719 @91680
3.7063 5.1440 6.3186 6.7889 @92757
3.7222 5.1681 6.3493 6.8222 @93780
3.7267 5.1659 6.3416 6.8123 @94803
3.7196 5.1507 6.3198 6.7878 @95826
3.7585 5.2100 6.3958 6.8706 @96856
3.7806 5.2510 6.4523 6.9333 @97932
3.7943 5.2813 6.4961 6.9825 @98955
3.8903 5.4379 6.7022 7.2084 @99978
3.9271 5.4839 6.7559 7.2651 @101011
3.9769 5.5543 6.8431 7.3591 @102035
4.0040 5.5934 6.8920 7.4119 @103109
3.9924 5.5784 6.8742 7.3930 @104132
3.9693 5.5474 6.8367 7.3529 @105164
3.9110 5.4670 6.7382 7.2472 @106188
3.8643 5.4040 6.6619 7.1655 @107241
3.7299 5.2189 6.4355 6.9226 @108622
3.6362 5.0887 6.2755 6.7507 @109646
3.5497 4.9673 6.1255 6.5892 @110669
3.4833 4.8742 6.0105 6.4655 @111692
3.4278 4.7971 5.9159 6.3638 @112715
3.3743 4.7217 5.8226 6.2633 @113738
3.3037 4.6222 5.6995 6.1308 @114775
3.2267 4.5146 5.5668 5.9880 @115799
3.1646 4.4269 5.4583 5.8712 @116822
3.0826 4.3116 5.3157 5.7178 @117845
2.9986 4.1941 5.1709 5.5620 @118868
2.9263 4.0919 5.0442 5.4254 @119891
2.8519 3.9879 4.9160 5.2876 @120914
2.7828 3.8914 4.7971 5.1597 @121937
2.7122 3.7931 4.6763 5.0299 @122983
2.6474 3.7025 4.5646 4.9097 @124007
2.5941 3.6268 4.4706 4.8084 @125061
2.5509 3.5650 4.3935 4.7252 @126086
2.5294 3.5330 4.3530 4.6812 @127134
2.5061 3.4983 4.3089 4.6334 @128159
2.4621 3.4348 4.2295 4.5477 @129211
2.4212 3.3759 4.1558 4.4681 @130236
2.3901 3.3312 4.0999 4.4077 @131291
2.3676 3.2996 4.0611 4.3659 @132314
2.3843 3.3227 4.0893 4.3962 @133337
2.3999 3.3439 4.1151 4.4239 @134363
2.3886 3.3276 4.0947 4.4019 @135386
2.3619 3.2897 4.0476 4.3511 @136409
2.3298 3.2444 3.9916 4.2908 @137432
2.2933 3.1926 3.9273 4.2214 @138455
2.2407 3.1185 3.8356 4.1227 @139478
2.1757 3.0272 3.7229 4.0014 @140501
2.1142 2.9406 3.6156 3.8859 @141524
2.0432 2.8408 3.4924 3.7533 @142547
1.9006 2.6403 3.2447 3.4867 @143570
1.8304 2.5418 3.1231 3.3558 @144593
1.7552 2.4365 2.9931 3.2160 @145616
1.7028 2.3629 2.9022 3.1181 @146639
1.6497 2.2883 2.8100 3.0188 @147662
1.6160 2.2402 2.7502 2.9543 @148685
1.5855 2.1964 2.6955 2.8954 @149733
1.5643 2.1656 2.6568 2.8534 @150758
1.5380 2.1281 2.6101 2.8031 @151781
1.5146 2.0950 2.5693 2.7591 @152819
1.5063 2.0831 2.5542 2.7428 @153843
1.4846 2.0524 2.5163 2.7020 @154909
1.4650 2.0246 2.4818 2.6648 @155932
1.4344 1.9817 2.4288 2.6078 @156973
1.4018 1.9360 2.3724 2.5471 @158004
1.3678 1.8882 2.3134 2.4836 @159050
1.3330 1.8394 2.2532 2.4188 @160089
1.2981 1.7907 2.1932 2.3544 @161129
1.2567 1.7333 2.1226 2.2785 @162152
1.2107 1.6694 2.0442 2.1942 @163175
1.1678 1.6098 1.9710 2.1155 @164198
1.1213 1.5454 1.8919 2.0306 @165259
1.0854 1.4958 1.8309 1.9651 @166282
1.0521 1.4498 1.7746 1.9047 @167327
1.0342 1.4253 1.7449 1.8728 @168350
1.0157 1.4001 1.7141 1.8398 @169403
0.9907 1.3657 1.6721 1.7947 @170445
0.9670 1.3331 1.6323 1.7520 @171481
0.9518 1.3118 1.6059 1.7236 @172504
0.9390 1.2941 1.5842 1.7004 @173556
0.9322 1.2845 1.5724 1.6877 @174581
0.9173 1.2639 1.5471 1.6604 @175627
0.8961 1.2345 1.5110 1.6217 @176655
0.8893 1.2249 1.4990 1.6087 @177710
0.8814 1.2136 1.4850 1.5937 @178733
0.8792 1.2103 1.4808 1.5891 @179756
0.8815 1.2131 1.4840 1.5924 @180808
0.8810 1.2120 1.4824 1.5907 @181831
0.8914 1.2264 1.5002 1.6097 @182854
0.9167 1.2613 1.5428 1.6554 @183877
0.9281 1.2769 1.5618 1.6759 @184900
0.9345 1.2857 1.5725 1.6873 @185935
0.9304 1.2799 1.5654 1.6797 @186958
0.9177 1.2624 1.5440 1.6567 @187996
0.9113 1.2536 1.5333 1.6453 @189020
0.9099 1.2516 1.5307 1.6424 @190073
0.8996 1.2373 1.5132 1.6236 @191106
0.8952 1.2310 1.5053 1.6152 @192129
0.8892 1.2224 1.4947 1.6037 @193153
0.8753 1.2032 1.4710 1.5782 @194177
0.8684 1.1935 1.4591 1.5655 @195200
0.8541 1.1738 1.4349 1.5394 @196291
0.8469 1.1638 1.4226 1.5263 @197314
0.8326 1.1440 1.3985 1.5003 @198337
0.8192 1.1255 1.3757 1.4759 @199360
0.8195 1.1257 1.3759 1.4761 @200384
0.7970 1.0945 1.3375 1.4347 @201470
0.8030 1.1024 1.3469 1.4448 @202493
0.8129 1.1156 1.3629 1.4619 @203516
0.8256 1.1327 1.3836 1.4840 @204539
0.8341 1.1439 1.3969 1.4983 @205562
0.8390 1.1502 1.4043 1.5061 @206643
0.8605 1.1791 1.4393 1.5435 @207666
0.8951 1.2261 1.4964 1.6046 @208689
0.9336 1.2785 1.5602 1.6729 @209712
1.0658 1.4592 1.7805 1.9092 @215576
1.1055 1.5132 1.8462 1.9796 @216599
1.1395 1.5592 1.9020 2.0392 @217622
1.1556 1.5807 1.9279 2.0669 @218645
1.1893 1.6263 1.9832 2.1261 @219668
1.2177 1.6647 2.0299 2.1761 @220750
1.2349 1.6879 2.0579 2.2060 @221774
1.2429 1.6985 2.0705 2.2195 @222797
1.2563 1.7163 2.0920 2.2424 @223820
1.2806 1.7495 2.1325 2.2858 @224843
1.3329 1.8213 2.2203 2.3801 @225922
1.3877 1.8965 2.3121 2.4785 @226945
1.4376 1.9649 2.3956 2.5681 @227968
1.4701 2.0095 2.4501 2.6265 @228994
1.4947 2.0433 2.4915 2.6710 @230018
1.5189 2.0765 2.5319 2.7143 @231150
1.5234 2.0826 2.5393 2.7222 @232173
1.5246 2.0840 2.5409 2.7239 @233196
1.5232 2.0817 2.5379 2.7205 @234219
1.7474 2.3889 2.9129 3.1227 @235242
1.8697 2.5571 3.1187 3.3435 @236322
2.0716 2.8345 3.4577 3.7072 @237345
2.3213 3.1767 3.8755 4.1553 @238368
2.7099 3.7083 4.5239 4.8504 @239391
2.8074 3.8413 4.6858 5.0239 @240417
2.8570 3.9088 4.7680 5.1120 @241495
2.8829 3.9430 4.8090 5.1557 @242560
2.9003 3.9649 4.8346 5.1828 @243583
2.9044 3.9682 4.8372 5.1851 @244606
2.8915 3.9482 4.8113 5.1568 @245629
2.8780 3.9278 4.7854 5.1287 @246669
2.8705 3.9161 4.7702 5.1121 @247692
2.8484 3.8840 4.7299 5.0685 @248727
2.8275 3.8530 4.6907 5.0261 @249751
2.8210 3.8422 4.6763 5.0103 @250774
2.8198 3.8390 4.6716 5.0049 @251840
2.8291 3.8499 4.6837 5.0175 @252863
2.8468 3.8717 4.7088 5.0440 @253886
2.8583 3.8852 4.7240 5.0598 @254910
2.8844 3.9200 4.7658 5.1045 @255933
2.8786 3.9095 4.7514 5.0885 @257411
2.8525 3.8724 4.7053 5.0388 @258434
2.8482 3.8659 4.6972 5.0299 @259480
2.8680 3.8929 4.7300 5.0652 @260504
2.8875 3.9194 4.7623 5.0997 @261556
2.9193 3.9621 4.8139 5.1549 @262579
2.9417 3.9924 4.8506 5.1941 @263633
2.9564 4.0125 4.8751 5.2205 @264657
2.9580 4.0152 4.8786 5.2244 @265680
2.9425 3.9938 4.8526 5.1964 @266703
2.9390 3.9886 4.8459 5.1891 @267750
2.9388 3.9875 4.8441 5.1870 @268774
2.9410 3.9887 4.8444 5.1870 @269829
2.9453 3.9925 4.8478 5.1902 @270884
2.9579 4.0075 4.8649 5.2082 @271908
2.9576 4.0051 4.8608 5.2033 @272957
2.9600 4.0068 4.8619 5.2042 @273981
2.9449 3.9844 4.8335 5.1734 @275004
2.9098 3.9354 4.7732 5.1086 @276027
2.8649 3.8734 4.6970 5.0268 @277050
2.7999 3.7841 4.5880 4.9098 @278073
2.7319 3.6906 4.4736 4.7871 @279096
2.6685 3.6028 4.3659 4.6714 @280119
2.6159 3.5293 4.2753 4.5740 @281142
2.5534 3.4426 4.1689 4.4597 @282165
2.4900 3.3549 4.0613 4.3441 @283188
2.4200 3.2583 3.9429 4.2171 @284211
2.3517 3.1641 3.8276 4.0933 @285234
2.2793 3.0645 3.7058 3.9625 @286257
2.2106 2.9704 3.5909 3.8394 @287301
2.0726 2.7813 3.3601 3.5918 @288324
2.0106 2.6962 3.2561 3.4803 @289377
1.9720 2.6419 3.1891 3.4081 @290401
1.9336 2.5880 3.1225 3.3365 @291454
1.8831 2.5181 3.0367 3.2444 @292479
1.8360 2.4528 2.9565 3.1582 @293502
1.7398 2.3201 2.7939 2.9836 @295310
1.6852 2.2452 2.7025 2.8855 @296333
1.6495 2.1957 2.6418 2.8204 @297372
1.6040 2.1334 2.5658 2.7389 @298452
1.5511 2.0614 2.4782 2.6450 @299475
1.4927 1.9823 2.3822 2.5422 @300498
1.4304 1.8982 2.2803 2.4333 @301527
1.3720 1.8195 2.1850 2.3313 @302550
1.3173 1.7461 2.0963 2.2365 @303625
1.2725 1.6857 2.0232 2.1583 @304648
1.2298 1.6281 1.9534 2.0836 @305671
1.1893 1.5735 1.8872 2.0128 @306694
1.1826 1.5637 1.8749 1.9995 @307717
1.2034 1.5902 1.9060 2.0325 @308799
1.2336 1.6292 1.9522 2.0815 @309822
1.2584 1.6609 1.9896 2.1212 @310845
1.2658 1.6698 1.9997 2.1317 @311868
1.2717 1.6767 2.0073 2.1397 @312891
1.2702 1.6736 2.0031 2.1350 @313974
1.2624 1.6626 1.9893 2.1201 @314997
1.2498 1.6450 1.9677 2.0969 @316020
1.2397 1.6307 1.9499 2.0777 @317043
1.2254 1.6110 1.9258 2.0518 @318066
1.2016 1.5787 1.8867 2.0100 @319198
1.1891 1.5612 1.8650 1.9867 @320222
1.1671 1.5312 1.8286 1.9476 @321245
1.1147 1.4606 1.7430 1.8560 @322268
1.1104 1.4538 1.7343 1.8465 @323291
1.1021 1.4422 1.7198 1.8310 @324420
1.0844 1.4181 1.6907 1.7998 @325443
1.0655 1.3929 1.6602 1.7672 @326466
1.0458 1.3665 1.6283 1.7332 @327489
1.0194 1.3314 1.5861 1.6881 @328512
0.9877 1.2895 1.5360 1.6346 @329594
0.9648 1.2590 1.4992 1.5954 @330617
0.9366 1.2216 1.4543 1.5475 @331640
0.9043 1.1790 1.4033 1.4931 @332663
0.8755 1.1409 1.3576 1.4443 @333686
0.8623 1.1234 1.3366 1.4219 @334767
0.8493 1.1061 1.3158 1.3997 @335790
0.8302 1.0810 1.2856 1.3676 @336813
0.8065 1.0497 1.2483 1.3278 @337836
0.7792 1.0139 1.2056 1.2823 @338859
0.7493 0.9747 1.1588 1.2325 @339956
0.7175 0.9332 1.1093 1.1798 @340979
0.6909 0.8984 1.0677 1.1355 @342002
0.6941 0.9024 1.0725 1.1406 @343025
0.6897 0.8967 1.0657 1.1334 @344048
0.6855 0.8913 1.0593 1.1266 @345133
0.6816 0.8862 1.0533 1.1201 @346156
0.6717 0.8732 1.0378 1.1037 @347179
0.6569 0.8540 1.0150 1.0794 @348202
0.6762 0.8795 1.0454 1.1118 @349225
0.6911 0.8989 1.0685 1.1364 @350305
0.7026 0.9139 1.0864 1.1554 @351328
0.7049 0.9169 1.0900 1.1593 @352351
0.6997 0.9102 1.0820 1.1508 @353374
0.6885 0.8956 1.0648 1.1325 @354397
0.6882 0.8954 1.0646 1.1323 @356204
0.6964 0.9062 1.0775 1.1461 @357227
0.6961 0.9059 1.0772 1.1458 @358267
0.7015 0.9129 1.0856 1.1547 @359290
0.7052 0.9179 1.0915 1.1610 @360313
0.7075 0.9209 1.0952 1.1650 @361336
0.7338 0.9554 1.1364 1.2088 @362387
0.7478 0.9739 1.1584 1.2323 @363411
0.7706 1.0035 1.1937 1.2699 @364434
0.7813 1.0176 1.2104 1.2877 @365457
0.8011 1.0433 1.2411 1.3203 @366480
0.8344 1.0868 1.2929 1.3754 @367503
0.8656 1.1275 1.3413 1.4269 @368551
0.8886 1.1573 1.3768 1.4647 @369575
0.9045 1.1781 1.4014 1.4908 @370627
0.9084 1.1831 1.4073 1.4970 @371652
0.9151 1.1918 1.4176 1.5080 @372675
0.9177 1.1951 1.4216 1.5123 @373698
0.9169 1.1941 1.4203 1.5109 @374748
0.9135 1.1895 1.4149 1.5051 @375772
0.9078 1.1821 1.4060 1.4957 @376823
0.9004 1.1723 1.3943 1.4832 @377847
0.8854 1.1527 1.3709 1.4583 @378872
0.8707 1.1333 1.3478 1.4336 @379895
0.8628 1.1231 1.3356 1.4207 @380943
0.8477 1.1036 1.3125 1.3961 @382002
0.8270 1.0767 1.2806 1.3622 @383027
0.8146 1.0605 1.2612 1.3415 @384050
0.8027 1.0449 1.2426 1.3217 @385073
0.7850 1.0218 1.2150 1.2924 @386120
0.7498 0.9757 1.1601 1.2340 @387146
0.7381 0.9603 1.1417 1.2143 @388200
0.7275 0.9462 1.1249 1.1964 @389223
0.7242 0.9417 1.1193 1.1904 @390246
0.7143 0.9286 1.1036 1.1736 @391269
0.7179 0.9330 1.1086 1.1789 @392292
0.7264 0.9437 1.1212 1.1922 @393315
0.7259 0.9429 1.1200 1.1909 @394338
0.7371 0.9570 1.1365 1.2084 @395361
0.7388 0.9588 1.1384 1.2103 @396384
0.9276 1.2033 1.4284 1.5185 @397407
1.0653 1.3812 1.6391 1.7424 @398454
1.1272 1.4608 1.7331 1.8422 @399478
1.1475 1.4865 1.7633 1.8741 @400501
1.1539 1.4942 1.7719 1.8831 @401524
1.1525 1.4919 1.7690 1.8799 @402576
1.1399 1.4752 1.7489 1.8585 @403601
1.1183 1.4468 1.7151 1.8224 @404654
1.0896 1.4093 1.6704 1.7749 @405677
1.0617 1.3728 1.6268 1.7285 @406700
1.0411 1.3462 1.5952 1.6949 @407723
1.0141 1.3111 1.5536 1.6507 @408746
0.9946 1.2858 1.5235 1.6187 @409769
0.9751 1.2605 1.4935 1.5868 @410792
0.9496 1.2274 1.4542 1.5450 @411815
0.9194 1.1883 1.4078 1.4957 @412838
0.8983 1.1609 1.3753 1.4611 @413861
0.8723 1.1271 1.3351 1.4184 @414884
0.8424 1.0884 1.2892 1.3696 @415910
0.8098 1.0462 1.2391 1.3164 @416933
0.7753 1.0015 1.1862 1.2601 @417956
0.7396 0.9553 1.1314 1.2018 @418979
0.7033 0.9083 1.0757 1.1427 @420002
0.6731 0.8692 1.0292 1.0933 @421025
0.6545 0.8452 1.0008 1.0631 @422048
0.6329 0.8172 0.9677 1.0279 @423072
0.5837 0.7536 0.8923 0.9478 @424095
0.5636 0.7275 0.8614 0.9150 @425118
0.5416 0.6991 0.8277 0.8792 @426141
0.5184 0.6691 0.7922 0.8414 @427167
0.4945 0.6381 0.7554 0.8024 @428191
0.4764 0.6148 0.7277 0.7729 @429245
0.4570 0.5897 0.6980 0.7414 @430270
0.4367 0.5634 0.6669 0.7083 @431323
0.4221 0.5446 0.6446 0.6847 @432347
0.4061 0.5240 0.6201 0.6586 @433397
0.3891 0.5020 0.5941 0.6309 @434421
0.3777 0.4872 0.5765 0.6123 @435476
0.3710 0.4784 0.5661 0.6012 @436500
0.3618 0.4665 0.5520 0.5863 @437553
0.3508 0.4522 0.5351 0.5682 @438578
0.3383 0.4361 0.5160 0.5479 @439628
0.3311 0.4269 0.5050 0.5363 @440652
0.3220 0.4151 0.4911 0.5215 @441708
0.3177 0.4095 0.4844 0.5145 @442763
0.3235 0.4170 0.4932 0.5238 @443786
0.3250 0.4188 0.4954 0.5260 @444809
0.3230 0.4161 0.4921 0.5226 @445832
0.3244 0.4179 0.4942 0.5248 @446884
0.3348 0.4313 0.5100 0.5416 @447907
0.3462 0.4458 0.5272 0.5598 @448930
0.3645 0.4695 0.5551 0.5894 @449958
0.3820 0.4920 0.5818 0.6177 @451004
0.3986 0.5134 0.6071 0.6447 @452028
0.4180 0.5385 0.6368 0.6762 @453081
0.4218 0.5435 0.6428 0.6826 @454105
0.4270 0.5502 0.6508 0.6910 @455160
0.4269 0.5501 0.6507 0.6910 @456184
0.4226 0.5446 0.6442 0.6840 @457233
0.4148 0.5346 0.6324 0.6716 @458259
0.4044 0.5212 0.6166 0.6548 @459312
0.3919 0.5052 0.5976 0.6346 @460337
0.3842 0.4952 0.5858 0.6221 @461391
0.3741 0.4821 0.5704 0.6057 @462415
0.3621 0.4667 0.5521 0.5863 @463468
0.3551 0.4577 0.5414 0.5749 @464491
0.3459 0.4457 0.5273 0.5599 @465545
0.3349 0.4316 0.5106 0.5422 @466568
0.3227 0.4159 0.4919 0.5224 @467620
0.3096 0.3989 0.4719 0.5011 @468645
0.2959 0.3812 0.4510 0.4789 @469697
0.2818 0.3631 0.4295 0.4561 @470721
0.2676 0.3448 0.4078 0.4330 @471744
0.2534 0.3265 0.3861 0.4100 @472767
0.2393 0.3084 0.3647 0.3873 @473790
0.2256 0.2907 0.3438 0.3650 @474813
0.2122 0.2734 0.3233 0.3433 @475836
0.1992 0.2567 0.3036 0.3223 @476859
0.1867 0.2405 0.2845 0.3021 @477882
0.1810 0.2332 0.2757 0.2928 @478905
0.1808 0.2329 0.2754 0.2924 @479928
0.1789 0.2304 0.2724 0.2892 @480973
0.1710 0.2202 0.2603 0.2764 @481997
0.1657 0.2133 0.2522 0.2677 @483050
0.1597 0.2056 0.2430 0.2580 @484073
0.1595 0.2053 0.2427 0.2577 @485124
0.1578 0.2031 0.2400 0.2548 @486149
0.1611 0.2073 0.2450 0.2601 @487200
0.1684 0.2166 0.2560 0.2718 @488225
0.1852 0.2382 0.2815 0.2988 @489280
0.1969 0.2532 0.2992 0.3176 @490309
0.2045 0.2629 0.3106 0.3297 @491358
0.2085 0.2681 0.3167 0.3361 @492382
0.2097 0.2696 0.3184 0.3380 @493433
0.2149 0.2762 0.3262 0.3462 @494458
0.3681 0.4731 0.5588 0.5931 @495509
0.4593 0.5902 0.6970 0.7398 @496534
0.5004 0.6429 0.7593 0.8059 @497588
0.5284 0.6789 0.8018 0.8510 @498611
0.5483 0.7046 0.8321 0.8832 @499665
0.5831 0.7496 0.8855 0.9399 @500688
0.6078 0.7817 0.9238 0.9806 @501742
0.6203 0.7983 0.9435 1.0017 @502766
0.6243 0.8038 0.9503 1.0090 @503817
0.6275 0.8083 0.9558 1.0149 @504842
0.6364 0.8200 0.9699 1.0299 @505892
0.6436 0.8295 0.9812 1.0420 @506917
0.6423 0.8284 0.9802 1.0410 @507972
0.6354 0.8197 0.9702 1.0305 @508995
0.6298 0.8128 0.9623 1.0221 @510047
0.6189 0.7992 0.9463 1.0052 @511072
0.6040 0.7802 0.9240 0.9816 @512127
0.5922 0.7653 0.9066 0.9632 @513150
0.5830 0.7539 0.8934 0.9492 @514173
0.5823 0.7533 0.8929 0.9488 @515196
0.5885 0.7617 0.9031 0.9597 @516246
0.5940 0.7693 0.9124 0.9697 @517270
0.5989 0.7760 0.9205 0.9784 @518326
0.5968 0.7737 0.9180 0.9758 @519380
0.5955 0.7723 0.9166 0.9744 @520404
0.5948 0.7716 0.9160 0.9738 @521455
0.5883 0.7635 0.9065 0.9638 @522478
0.5771 0.7493 0.8898 0.9461 @523502
0.5686 0.7385 0.8771 0.9326 @524526
0.5560 0.7224 0.8581 0.9125 @525578
0.5466 0.7103 0.8439 0.8973 @526605
0.5335 0.6934 0.8239 0.8761 @527654
0.5302 0.6893 0.8192 0.8712 @528679
0.5222 0.6791 0.8072 0.8585 @529731
0.5232 0.6807 0.8092 0.8607 @530755
0.5188 0.6751 0.8028 0.8539 @531806
0.5100 0.6640 0.7897 0.8400 @532830
0.4978 0.6483 0.7712 0.8204 @533884
0.4661 0.6074 0.7228 0.7690 @534909
0.4605 0.6004 0.7146 0.7604 @535933
0.4513 0.5887 0.7009 0.7459 @536956
0.4521 0.5900 0.7027 0.7478 @537979
0.4481 0.5853 0.6972 0.7420 @539002
0.4531 0.5920 0.7053 0.7507 @540025
0.4526 0.5916 0.7050 0.7504 @541048
0.4477 0.5853 0.6977 0.7427 @542071
0.4583 0.5994 0.7146 0.7607 @543094
0.4686 0.6131 0.7311 0.7783 @544117
0.4786 0.6264 0.7471 0.7954 @545140
0.4882 0.6393 0.7627 0.8121 @546163
0.4912 0.6435 0.7678 0.8176 @547186
0.4887 0.6405 0.7644 0.8140 @548209
0.4881 0.6399 0.7638 0.8134 @549232
0.4828 0.6331 0.7558 0.8049 @550255
0.4736 0.6213 0.7418 0.7901 @551278
0.4615 0.6055 0.7231 0.7702 @552307
0.4470 0.5867 0.7007 0.7464 @553332
0.4372 0.5739 0.6856 0.7302 @554389
0.4249 0.5579 0.6664 0.7099 @555414
0.4106 0.5393 0.6443 0.6864 @556466
0.4013 0.5272 0.6299 0.6711 @557489
0.3898 0.5121 0.6120 0.6520 @558543
0.3766 0.4948 0.5914 0.6300 @559567
0.3621 0.4758 0.5687 0.6059 @560619
0.3467 0.4557 0.5448 0.5804 @561643
0.3308 0.4349 0.5199 0.5539 @562690
0.3273 0.4303 0.5144 0.5481 @563751
0.3212 0.4223 0.5049 0.5379 @564775
0.3130 0.4116 0.4921 0.5243 @565826
0.2923 0.3845 0.4597 0.4898 @566851
0.2805 0.3690 0.4412 0.4701 @567897
0.2682 0.3528 0.4218 0.4495 @568926
0.2619 0.3444 0.4119 0.4388 @569980
0.2541 0.3342 0.3996 0.4258 @571010
0.2888 0.3798 0.4541 0.4839 @572057
0.3564 0.4685 0.5601 0.5968 @573080
0.3929 0.5164 0.6173 0.6577 @574103
0.4829 0.6349 0.7589 0.8086 @575126
0.5571 0.7323 0.8754 0.9327 @576149
0.5963 0.7839 0.9371 0.9985 @577172
0.6233 0.8194 0.9796 1.0437 @578232
0.6757 0.8884 1.0620 1.1315 @579255
0.7040 0.9257 1.1067 1.1791 @580299
0.7235 0.9514 1.1374 1.2119 @581323
0.7384 0.9709 1.1608 1.2368 @582347
0.7685 1.0105 1.2082 1.2873 @583411
0.7979 1.0496 1.2550 1.3373 @584434
0.8138 1.0708 1.2806 1.3646 @585459
0.8249 1.0858 1.2989 1.3842 @586482
0.8257 1.0873 1.3009 1.3864 @587505
0.8245 1.0859 1.2994 1.3849 @588543
0.8342 1.0989 1.3150 1.4015 @589566
0.8464 1.1149 1.3343 1.4221 @590619
0.8478 1.1168 1.3365 1.4245 @591643
0.8532 1.1241 1.3453 1.4339 @592695
0.8681 1.1441 1.3694 1.4596 @593769
0.8885 1.1718 1.4030 1.4956 @594792
0.8895 1.1732 1.4050 1.4977 @595815
0.9004 1.1879 1.4227 1.5167 @596851
0.9129 1.2046 1.4427 1.5381 @597874
0.9330 1.2312 1.4748 1.5723 @598940
0.9399 1.2406 1.4861 1.5844 @599964
0.9361 1.2358 1.4805 1.5785 @601003
0.9237 1.2196 1.4612 1.5579 @602059
0.9045 1.1943 1.4310 1.5257 @603083
0.8988 1.1868 1.4220 1.5162 @604117
0.8916 1.1772 1.4105 1.5038 @605141
0.8768 1.1576 1.3869 1.4788 @606164
0.8687 1.1468 1.3739 1.4648 @607187
0.8535 1.1265 1.3495 1.4388 @608210
0.8326 1.0988 1.3162 1.4033 @609242
0.8073 1.0654 1.2761 1.3605 @610265
0.7916 1.0446 1.2512 1.3339 @611288
0.7835 1.0339 1.2383 1.3202 @612312
0.7819 1.0316 1.2355 1.3172 @613336
0.7727 1.0194 1.2209 1.3015 @614417
0.7830 1.0331 1.2373 1.3190 @615440
0.7899 1.0422 1.2482 1.3307 @616467
0.7939 1.0477 1.2549 1.3378 @617491
0.7893 1.0417 1.2478 1.3303 @618514
0.7839 1.0347 1.2395 1.3215 @619639
0.7718 1.0188 1.2204 1.3012 @620662
0.7733 1.0207 1.2227 1.3035 @621685
0.7667 1.0120 1.2122 1.2924 @622708
0.7791 1.0281 1.2314 1.3128 @623731
0.7929 1.0458 1.2523 1.3349 @624808
0.7957 1.0493 1.2563 1.3392 @625842
0.8154 1.0751 1.2871 1.3720 @626900
0.8359 1.1020 1.3194 1.4064 @627924
0.8505 1.1211 1.3421 1.4305 @628977
0.8664 1.1419 1.3669 1.4570 @630036
0.8770 1.1556 1.3831 1.4742 @631059
0.8768 1.1550 1.3823 1.4733 @632082
0.8805 1.1599 1.3880 1.4794 @633132
0.8748 1.1522 1.3788 1.4695 @634156
0.8614 1.1345 1.3575 1.4467 @635219
0.8482 1.1170 1.3366 1.4245 @636265
0.8481 1.1167 1.3360 1.4238 @637288
0.8395 1.1052 1.3222 1.4090 @638341
0.8241 1.0848 1.2977 1.3829 @639365
0.8034 1.0574 1.2648 1.3478 @640411
0.7786 1.0246 1.2255 1.3059 @641438
0.7507 0.9878 1.1814 1.2589 @642493
0.7206 0.9481 1.1338 1.2082 @643517
0.6891 0.9064 1.0839 1.1550 @644540
0.6566 0.8636 1.0327 1.1004 @645573
0.6300 0.8286 0.9907 1.0556 @646597
0.6022 0.7919 0.9468 1.0088 @647620
0.5737 0.7543 0.9018 0.9608 @648659
0.5448 0.7163 0.8563 0.9123 @649683
0.4875 0.6408 0.7659 0.8160 @650742
0.4849 0.6373 0.7618 0.8117 @651765
0.4779 0.6282 0.7509 0.8000 @652788
0.4739 0.6229 0.7445 0.7932 @653811
0.4785 0.6289 0.7518 0.8009 @654860
0.4838 0.6358 0.7600 0.8097 @655914
0.4832 0.6351 0.7590 0.8086 @656938
0.4780 0.6281 0.7506 0.7997 @657962
0.4689 0.6161 0.7363 0.7844 @659013
0.4632 0.6085 0.7272 0.7747 @660038
0.4603 0.6046 0.7224 0.7696 @661098
0.4533 0.5953 0.7113 0.7578 @662121
0.4431 0.5819 0.6952 0.7406 @663168
0.4304 0.5652 0.6752 0.7192 @664192
0.4411 0.5791 0.6918 0.7369 @665244
0.4454 0.5846 0.6983 0.7438 @666273
0.4444 0.5832 0.6966 0.7420 @667321
0.4392 0.5762 0.6882 0.7330 @668345
0.4305 0.5648 0.6744 0.7183 @669398
0.4192 0.5499 0.6565 0.6993 @670421
0.4058 0.5323 0.6355 0.6768 @671447
0.4036 0.5292 0.6317 0.6728 @672470
0.3977 0.5214 0.6223 0.6628 @673493
0.3890 0.5098 0.6085 0.6480 @674516
0.3781 0.4954 0.5912 0.6295 @675539
0.3654 0.4787 0.5712 0.6082 @676581
0.3515 0.4604 0.5493 0.5849 @677605
0.3367 0.4409 0.5260 0.5601 @678628
0.3171 0.4150 0.4950 0.5270 @679652
0.3053 0.3996 0.4765 0.5073 @680675
0.2927 0.3830 0.4567 0.4863 @681752
0.2796 0.3658 0.4362 0.4643 @682775
0.2662 0.3482 0.4151 0.4419 @683798
0.2527 0.3304 0.3939 0.4193 @684821
0.2392 0.3127 0.3728 0.3968 @685844
0.2259 0.2953 0.3519 0.3746 @686929
0.2128 0.2782 0.3315 0.3529 @687952
0.2064 0.2698 0.3215 0.3422 @688975
0.1992 0.2603 0.3101 0.3301 @689998
0.1976 0.2582 0.3076 0.3274 @691025
0.1944 0.2539 0.3025 0.3220 @692160
0.1899 0.2479 0.2953 0.3143 @693183
0.1843 0.2406 0.2865 0.3049 @694206
0.1779 0.2322 0.2766 0.2943 @695229
0.1710 0.2231 0.2657 0.2827 @696283
0.1636 0.2135 0.2542 0.2705 @697333
0.1624 0.2118 0.2522 0.2684 @698357
0.1660 0.2165 0.2578 0.2743 @699382
0.1673 0.2182 0.2597 0.2763 @700406
0.1667 0.2173 0.2587 0.2752 @701457
0.1708 0.2227 0.2650 0.2819 @702508
0.1725 0.2247 0.2674 0.2845 @703533
0.1721 0.2242 0.2667 0.2837 @704557
0.1700 0.2214 0.2634 0.2802 @705581
0.1667 0.2170 0.2581 0.2746 @706604
0.1634 0.2127 0.2529 0.2690 @707682
0.1627 0.2117 0.2517 0.2677 @708707
0.1604 0.2087 0.2481 0.2639 @709731
0.1570 0.2042 0.2428 0.2582 @710754
0.1590 0.2068 0.2458 0.2614 @711777
0.1590 0.2068 0.2458 0.2614 @712902
0.1575 0.2047 0.2433 0.2588 @713925
0.1862 0.2421 0.2877 0.3060 @714948
0.2031 0.2641 0.3138 0.3337 @715971
0.2128 0.2767 0.3288 0.3497 @716994
0.2245 0.2919 0.3470 0.3690 @718081
0.2318 0.3014 0.3582 0.3809 @719104
0.2353 0.3060 0.3637 0.3868 @720127
0.2485 0.3231 0.3839 0.4083 @721150
0.2629 0.3418 0.4062 0.4320 @722173
0.2846 0.3700 0.4397 0.4677 @723256
0.2993 0.3892 0.4625 0.4918 @724316
0.3083 0.4008 0.4763 0.5065 @725341
0.3124 0.4062 0.4827 0.5134 @726364
0.3190 0.4147 0.4928 0.5241 @727416
0.3211 0.4174 0.4961 0.5276 @728484
0.3196 0.4154 0.4937 0.5251 @729509
0.3215 0.4179 0.4967 0.5282 @730532
0.3261 0.4239 0.5038 0.5358 @731555
0.3539 0.4600 0.5466 0.5813 @732578
0.3737 0.4857 0.5771 0.6137 @733605
0.3987 0.5181 0.6156 0.6546 @734628
0.4238 0.5508 0.6544 0.6958 @736583
0.4332 0.5630 0.6689 0.7113 @737606
0.4491 0.5837 0.6936 0.7376 @738774
0.4575 0.5947 0.7068 0.7516 @739797
0.4660 0.6060 0.7203 0.7660 @740820
0.4683 0.6091 0.7241 0.7701 @741843
0.4655 0.6056 0.7200 0.7658 @742866
0.4585 0.5967 0.7095 0.7547 @743956
0.4483 0.5836 0.6940 0.7382 @745023
0.4419 0.5753 0.6842 0.7278 @746046
0.4322 0.5628 0.6694 0.7121 @747071
0.4201 0.5471 0.6507 0.6922 @748094
0.4061 0.5289 0.6291 0.6693 @749129
0.3907 0.5089 0.6054 0.6440 @750152
0.3743 0.4876 0.5801 0.6171 @751175
0.3762 0.4900 0.5830 0.6202 @752198
0.3739 0.4871 0.5795 0.6165 @753221
0.3810 0.4963 0.5905 0.6282 @754333
0.3893 0.5071 0.6033 0.6418 @755356
0.4110 0.5355 0.6371 0.6778 @756379
0.4308 0.5613 0.6679 0.7106 @757434
0.4488 0.5849 0.6960 0.7405 @758458
0.4590 0.5982 0.7118 0.7573 @759518
0.4900 0.6387 0.7601 0.8087 @760541
0.5033 0.6563 0.7811 0.8311 @761564
0.5218 0.6805 0.8100 0.8619 @762587
0.5378 0.7015 0.8351 0.8886 @763610
0.5518 0.7199 0.8572 0.9122 @764692
0.5576 0.7277 0.8666 0.9222 @765715
0.5630 0.7350 0.8753 0.9315 @766738
0.5667 0.7401 0.8817 0.9384 @768521
0.5598 0.7313 0.8714 0.9274 @769544
0.5486 0.7169 0.8543 0.9093 @770576
0.5341 0.6981 0.8320 0.8856 @771599
0.5359 0.7006 0.8350 0.8888 @772622
0.5320 0.6956 0.8291 0.8825 @773645
0.5299 0.6928 0.8258 0.8790 @774696
0.5292 0.6920 0.8249 0.8781 @775752
0.5297 0.6926 0.8257 0.8789 @776776
0.5311 0.6945 0.8279 0.8813 @777799
0.5332 0.6973 0.8312 0.8849 @778849
0.5359 0.7009 0.8355 0.8894 @779872
0.5328 0.6967 0.8306 0.8842 @780895
0.5375 0.7029 0.8379 0.8919 @781918
0.5360 0.7008 0.8353 0.8892 @782941
0.5293 0.6920 0.8249 0.8780 @783992
0.5187 0.6780 0.8081 0.8602 @785016
0.5175 0.6764 0.8061 0.8581 @786068
0.5114 0.6683 0.7964 0.8477 @787092
0.5013 0.6550 0.7805 0.8308 @788115
0.4881 0.6377 0.7598 0.8087 @789143
0.4788 0.6256 0.7455 0.7935 @790189
0.4729 0.6178 0.7361 0.7835 @791213
0.4760 0.6218 0.7408 0.7885 @792266
0.4737 0.6187 0.7371 0.7845 @793289
0.4671 0.6101 0.7268 0.7735 @794342
0.4571 0.5970 0.7111 0.7568 @795365
0.4444 0.5803 0.6913 0.7357 @796418
0.4361 0.5694 0.6783 0.7219 @797444
0.4230 0.5524 0.6581 0.7004 @798495
0.3992 0.5213 0.6211 0.6610 @800521
0.3847 0.5025 0.5986 0.6371 @801544
0.3692 0.4821 0.5744 0.6113 @802567
0.3592 0.4692 0.5590 0.5949 @803590
0.3475 0.4540 0.5409 0.5757 @804613
0.3346 0.4372 0.5209 0.5545 @805636
0.3208 0.4192 0.4995 0.5317 @806659
0.3064 0.4004 0.4772 0.5079 @807682
0.2917 0.3812 0.4543 0.4836 @808705
0.2832 0.3701 0.4411 0.4695 @809728
0.2734 0.3574 0.4260 0.4534 @810751
0.2818 0.3683 0.4389 0.4672 @811774
0.2983 0.3898 0.4646 0.4945 @812798
0.3087 0.4034 0.4807 0.5116 @813822
0.3141 0.4103 0.4889 0.5204 @814845
0.3153 0.4118 0.4906 0.5222 @815869
0.3332 0.4352 0.5185 0.5519 @816920
0.3438 0.4491 0.5350 0.5694 @817945
0.3490 0.4558 0.5431 0.5780 @818997
0.3497 0.4568 0.5441 0.5791 @820022
0.3531 0.4611 0.5493 0.5846 @821074
0.3523 0.4600 0.5480 0.5832 @822097
0.3481 0.4546 0.5414 0.5762 @823151
0.3476 0.4538 0.5405 0.5752 @824175
0.3500 0.4568 0.5440 0.5789 @825198
0.3484 0.4546 0.5414 0.5761 @826221
0.3436 0.4483 0.5338 0.5680 @827268
0.3427 0.4470 0.5323 0.5664 @828326
0.3448 0.4497 0.5354 0.5697 @829350
0.3445 0.4492 0.5348 0.5690 @830402
0.3422 0.4462 0.5311 0.5651 @831426
0.3369 0.4393 0.5229 0.5563 @832475
0.3293 0.4293 0.5109 0.5436 @833500
0.3261 0.4251 0.5059 0.5382 @834555
0.3266 0.4256 0.5064 0.5388 @835585
0.3237 0.4217 0.5018 0.5338 @836631
0.3244 0.4226 0.5028 0.5348 @837654
0.3218 0.4191 0.4985 0.5303 @838708
0.3290 0.4283 0.5094 0.5419 @839732
0.3315 0.4315 0.5132 0.5458 @840785
0.3303 0.4298 0.5110 0.5435 @841808
0.3260 0.4240 0.5041 0.5362 @842831
0.3192 0.4151 0.4935 0.5248 @843854
0.3168 0.4119 0.4896 0.5206 @844905
0.3117 0.4052 0.4815 0.5120 @845929
0.3045 0.3956 0.4701 0.4999 @846978
0.3145 0.4086 0.4854 0.5162 @848003
0.3194 0.4149 0.4929 0.5242 @849057
0.3202 0.4160 0.4941 0.5254 @850081
0.3177 0.4126 0.4901 0.5211 @851134
0.3187 0.4139 0.4916 0.5227 @852158
0.3177 0.4125 0.4899 0.5209 @853372
0.3218 0.4179 0.4963 0.5276 @854411
0.3220 0.4180 0.4965 0.5279 @855469
0.3251 0.4221 0.5013 0.5330 @856493
0.3245 0.4212 0.5002 0.5318 @857545
0.3207 0.4163 0.4943 0.5256 @858597
0.3144 0.4081 0.4846 0.5152 @859621
0.3062 0.3974 0.4718 0.5017 @860677
0.2964 0.3847 0.4568 0.4857 @861701
0.2919 0.3788 0.4498 0.4782 @862753
0.2916 0.3783 0.4492 0.4775 @863777
0.2955 0.3833 0.4550 0.4837 @865331
0.2983 0.3869 0.4592 0.4881 @866354
0.3102 0.4021 0.4772 0.5072 @867377
0.3230 0.4186 0.4966 0.5278 @868424
0.3364 0.4358 0.5169 0.5494 @869448
0.3565 0.4617 0.5476 0.5820 @870471
0.3692 0.4781 0.5670 0.6026 @871494
0.3758 0.4866 0.5770 0.6132 @872517
0.3774 0.4886 0.5793 0.6157 @873543
0.3749 0.4853 0.5754 0.6115 @874566
0.3754 0.4860 0.5762 0.6124 @875589
0.3784 0.4898 0.5807 0.6171 @876612
0.3833 0.4961 0.5882 0.6251 @877635
0.3834 0.4963 0.5884 0.6253 @878739
0.3797 0.4914 0.5826 0.6191 @879762
0.3729 0.4826 0.5721 0.6080 @880785
0.3637 0.4706 0.5579 0.5928 @881808
0.3525 0.4562 0.5408 0.5747 @882831
0.3400 0.4399 0.5215 0.5542 @883915
0.3264 0.4224 0.5007 0.5320 @884938
0.3122 0.4039 0.4788 0.5088 @885961
0.3164 0.4093 0.4851 0.5155 @886984
0.3229 0.4176 0.4950 0.5260 @888007
0.3312 0.4283 0.5076 0.5393 @889097
0.3346 0.4327 0.5127 0.5447 @890121
0.3341 0.4318 0.5116 0.5436 @891144
0.3303 0.4268 0.5057 0.5372 @892167
0.3302 0.4267 0.5055 0.5370 @893207
0.3268 0.4223 0.5003 0.5315 @894274
0.3127 0.4041 0.4786 0.5085 @895297
0.3031 0.3916 0.4638 0.4927 @896320
0.2922 0.3775 0.4471 0.4750 @897343
0.2805 0.3623 0.4292 0.4559 @898366
0.2682 0.3464 0.4103 0.4359 @899450
0.2618 0.3382 0.4006 0.4255 @900473
0.2540 0.3282 0.3887 0.4129 @901496
0.2452 0.3167 0.3751 0.3985 @902519
0.2356 0.3043 0.3604 0.3828 @903558
0.2255 0.2912 0.3449 0.3663 @904646
0.2150 0.2777 0.3288 0.3493 @905669
0.2044 0.2639 0.3126 0.3320 @906692
0.2000 0.2583 0.3059 0.3250 @907715
0.1945 0.2512 0.2975 0.3160 @908738
0.1881 0.2429 0.2877 0.3056 @909822
0.1810 0.2338 0.2769 0.2942 @910845
0.1734 0.2241 0.2654 0.2819 @911868
0.1656 0.2139 0.2534 0.2692 @912891
0.1639 0.2117 0.2508 0.2664 @913914
0.1608 0.2078 0.2461 0.2615 @915033
0.1568 0.2025 0.2399 0.2549 @916099
0.1582 0.2044 0.2422 0.2573 @917157
0.1704 0.2202 0.2609 0.2772 @918187
0.1785 0.2308 0.2735 0.2906 @919233
0.1967 0.2544 0.3015 0.3203 @920267
0.2068 0.2675 0.3171 0.3369 @921290
0.2192 0.2836 0.3362 0.3572 @922313
0.2333 0.3020 0.3580 0.3804 @923336
0.2488 0.3219 0.3817 0.4056 @924359
0.2713 0.3512 0.4164 0.4425 @925382
0.3127 0.4048 0.4800 0.5100 @926405
0.3390 0.4389 0.5204 0.5530 @927444
0.3565 0.4614 0.5471 0.5814 @928469
0.3733 0.4832 0.5729 0.6088 @929492
0.3832 0.4960 0.5880 0.6249 @930563
0.3874 0.5014 0.5944 0.6317 @931586
0.3932 0.5088 0.6032 0.6410 @932609
0.4002 0.5179 0.6140 0.6525 @933632
0.4020 0.5202 0.6167 0.6553 @934655
0.3993 0.5168 0.6127 0.6511 @935757
0.3932 0.5089 0.6033 0.6411 @936781
0.3843 0.4974 0.5897 0.6266 @937804
0.3733 0.4831 0.5727 0.6086 @938827
0.3669 0.4748 0.5629 0.5981 @939850
0.3580 0.4633 0.5493 0.5837 @940951
0.3473 0.4494 0.5327 0.5661 @941974
0.3351 0.4336 0.5140 0.5462 @942997
0.3219 0.4165 0.4937 0.5246 @944020
0.3142 0.4065 0.4819 0.5121 @945043
0.3112 0.4025 0.4771 0.5070 @946136
0.3119 0.4034 0.4781 0.5080 @947160
0.3093 0.4000 0.4740 0.5037 @948183
0.3196 0.4132 0.4897 0.5203 @949206
0.3187 0.4121 0.4883 0.5188 @950229
0.3148 0.4070 0.4822 0.5124 @951321
0.3085 0.3988 0.4725 0.5020 @952344
0.3003 0.3882 0.4599 0.4886 @953367
0.2906 0.3757 0.4451 0.4729 @954392
0.2444 0.3158 0.3742 0.3976 @959661
0.2421 0.3129 0.3707 0.3939 @960684
0.2378 0.3074 0.3643 0.3870 @961707
0.2383 0.3081 0.3651 0.3879 @962730
0.2363 0.3056 0.3621 0.3847 @963753
0.2323 0.3005 0.3561 0.3784 @964841
0.2268 0.2933 0.3477 0.3694 @965864
0.2200 0.2846 0.3374 0.3585 @966887
0.2249 0.2910 0.3450 0.3666 @967910
0.2267 0.2934 0.3478 0.3696 @968950
0.2258 0.2923 0.3466 0.3683 @970027
0.2229 0.2885 0.3422 0.3636 @971050
0.2182 0.2826 0.3352 0.3562 @972073
0.2186 0.2831 0.3358 0.3569 @973104
0.2167 0.2807 0.3329 0.3539 @974128
0.2192 0.2840 0.3369 0.3580 @975210
0.2233 0.2892 0.3431 0.3646 @976234
0.2243 0.2906 0.3447 0.3664 @977258
0.2229 0.2888 0.3425 0.3641 @978282
0.2258 0.2926 0.3470 0.3689 @979335
0.2259 0.2927 0.3472 0.3690 @980391
0.2237 0.2899 0.3439 0.3655 @981414
0.2260 0.2928 0.3474 0.3692 @982437
0.2256 0.2923 0.3467 0.3685 @983489
0.2294 0.2971 0.3525 0.3746 @984514
0.2427 0.3144 0.3729 0.3964 @985579
0.2573 0.3333 0.3954 0.4202 @986602
0.2666 0.3453 0.4096 0.4353 @987643
0.2777 0.3597 0.4267 0.4535 @988667
0.2903 0.3760 0.4460 0.4740 @989719
0.3038 0.3935 0.4668 0.4961 @990769
0.3118 0.4038 0.4790 0.5091 @991794
0.3276 0.4243 0.5032 0.5348 @992851
0.3435 0.4448 0.5275 0.5606 @993876
0.3592 0.4650 0.5513 0.5859 @994929
0.3746 0.4848 0.5747 0.6107 @995961
0.3896 0.5041 0.5976 0.6350 @997003
0.3979 0.5147 0.6101 0.6483 @998026
0.4006 0.5181 0.6141 0.6525 @999081
0.4113 0.5319 0.6303 0.6698 @1000112
0.4218 0.5453 0.6460 0.6864 @1001144
0.4223 0.5459 0.6468 0.6872 @1002167
0.4374 0.5654 0.6699 0.7117 @1003190
0.4515 0.5836 0.6915 0.7346 @1004241
0.4584 0.5926 0.7021 0.7459 @1005264
0.4658 0.6021 0.7134 0.7580 @1006341
0.4671 0.6038 0.7155 0.7602 @1007364
0.4634 0.5992 0.7100 0.7544 @1008387
0.4559 0.5894 0.6985 0.7422 @1009410
0.4452 0.5757 0.6822 0.7249 @1010433
0.4321 0.5588 0.6622 0.7036 @1011535
0.4171 0.5395 0.6394 0.6794 @1012558
0.4072 0.5267 0.6243 0.6634 @1013581
0.3950 0.5111 0.6058 0.6438 @1014604
0.3813 0.4934 0.5849 0.6215 @1015627
0.3663 0.4741 0.5620 0.5973 @1016726
0.3505 0.4537 0.5379 0.5717 @1017749
0.3531 0.4571 0.5420 0.5760 @1018772
0.3517 0.4553 0.5398 0.5737 @1019795
0.3470 0.4492 0.5327 0.5662 @1020818
0.3397 0.4399 0.5217 0.5544 @1021914
0.3304 0.4279 0.5075 0.5393 @1022937
0.3196 0.4139 0.4909 0.5218 @1023960
0.3077 0.3985 0.4726 0.5023 @1024983
0.3012 0.3902 0.4628 0.4919 @1026006
0.2897 0.3753 0.4453 0.4733 @1027104
0.2841 0.3682 0.4368 0.4643 @1028127
0.2767 0.3587 0.4255 0.4523 @1029150
0.2680 0.3474 0.4122 0.4381 @1030173
0.2583 0.3348 0.3972 0.4222 @1031196
0.2478 0.3212 0.3812 0.4052 @1032302
0.2368 0.3070 0.3643 0.3873 @1033325
0.2256 0.2925 0.3471 0.3689 @1034348
0.2142 0.2777 0.3296 0.3504 @1035371
0.2029 0.2630 0.3122 0.3319 @1036394
0.1916 0.2485 0.2949 0.3135 @1037493
0.1806 0.2343 0.2780 0.2956 @1038516
0.1762 0.2285 0.2713 0.2884 @1039539
0.1709 0.2216 0.2630 0.2796 @1040562
0.1648 0.2138 0.2538 0.2698 @1041585
0.1583 0.2053 0.2437 0.2591 @1042678
0.1577 0.2046 0.2428 0.2582 @1043701
0.1524 0.1978 0.2348 0.2496 @1045062
0.1483 0.1924 0.2284 0.2428 @1046086
0.1498 0.1943 0.2307 0.2452 @1047110
0.1495 0.1939 0.2302 0.2447 @1048161
0.1604 0.2081 0.2470 0.2626 @1049186
0.1676 0.2175 0.2582 0.2745 @1050240
0.1717 0.2229 0.2647 0.2815 @1051295
0.1734 0.2251 0.2674 0.2843 @1052319
0.1730 0.2247 0.2669 0.2837 @1053368
0.1710 0.2221 0.2638 0.2805 @1054393
0.1676 0.2177 0.2587 0.2751 @1055447
0.1632 0.2121 0.2519 0.2679 @1056478
0.1580 0.2053 0.2440 0.2595 @1057524
0.1522 0.1978 0.2351 0.2500 @1058548
0.1460 0.1898 0.2256 0.2399 @1059603
0.1395 0.1814 0.2156 0.2293 @1060627
0.1329 0.1728 0.2053 0.2184 @1061650
0.1262 0.1641 0.1950 0.2074 @1062673
0.1195 0.1554 0.1847 0.1964 @1063720
0.1128 0.1468 0.1745 0.1856 @1064743
0.1063 0.1383 0.1645 0.1749 @1065767
0.1000 0.1301 0.1547 0.1646 @1066792
0.0939 0.1222 0.1453 0.1545 @1067842
0.0880 0.1145 0.1362 0.1448 @1068866
0.0823 0.1072 0.1274 0.1355 @1069920
0.0769 0.1001 0.1191 0.1267 @1070944
0.0718 0.0934 0.1111 0.1182 @1071967
0.0669 0.0871 0.1036 0.1102 @1072990
0.0623 0.0811 0.0964 0.1026 @1074013
0.0651 0.0848 0.1009 0.1073 @1075036
0.0652 0.0850 0.1010 0.1075 @1076059
0.0647 0.0842 0.1002 0.1065 @1077082
0.0636 0.0828 0.0985 0.1047 @1078105
0.0620 0.0808 0.0961 0.1022 @1079128
0.0602 0.0784 0.0932 0.0991 @1080151
0.0581 0.0756 0.0899 0.0957 @1081174
0.0558 0.0726 0.0864 0.0919 @1082197
0.0534 0.0695 0.0827 0.0879 @1083220
0.0509 0.0663 0.0788 0.0838 @1084259
0.0483 0.0630 0.0749 0.0797 @1085284
0.0458 0.0597 0.0710 0.0755 @1086339
0.0433 0.0564 0.0671 0.0714 @1087363
0.0409 0.0532 0.0633 0.0673 @1088416
0.0384 0.0501 0.0596 0.0634 @1089458
0.0361 0.0471 0.0560 0.0596 @1090489
0.0317 0.0413 0.0491 0.0523 @1092013
0.0277 0.0360 0.0429 0.0456 @1093996
0.0324 0.0422 0.0503 0.0535 @1095019
0.0358 0.0467 0.0555 0.0591 @1096042
0.0559 0.0728 0.0866 0.0921 @1102079
0.0582 0.0757 0.0901 0.0958 @1103102
0.0594 0.0774 0.0920 0.0979 @1104125
0.0932 0.1214 0.1444 0.1536 @1105148
0.1123 0.1462 0.1739 0.1850 @1106171
0.1232 0.1603 0.1907 0.2028 @1107270
0.1292 0.1681 0.1999 0.2127 @1108293
0.1323 0.1722 0.2047 0.2178 @1109316
0.1335 0.1737 0.2065 0.2197 @1110339
0.1331 0.1732 0.2059 0.2190 @1111362
0.1315 0.1711 0.2034 0.2163 @1112458
0.1288 0.1676 0.1993 0.2120 @1113481
0.1317 0.1714 0.2037 0.2167 @1114504
0.1327 0.1727 0.2053 0.2183 @1115527
0.1322 0.1720 0.2045 0.2175 @1116550
0.1305 0.1697 0.2018 0.2146 @1117659
0.1278 0.1662 0.1975 0.2101 @1118682
0.1243 0.1617 0.1922 0.2044 @1119705
0.1203 0.1564 0.1859 0.1977 @1120728
0.1158 0.1505 0.1789 0.1903 @1121751
0.1173 0.1525 0.1812 0.1927 @1122845
0.1173 0.1525 0.1813 0.1928 @1123868
0.1162 0.1511 0.1795 0.1909 @1124891
0.1141 0.1484 0.1763 0.1875 @1125914
0.1113 0.1447 0.1719 0.1828 @1126937
0.1041 0.1352 0.1607 0.1709 @1128037
0.0999 0.1298 0.1543 0.1641 @1129060
0.0956 0.1242 0.1476 0.1569 @1130083
0.0911 0.1183 0.1406 0.1495 @1131106
0.0865 0.1124 0.1336 0.1421 @1132129
0.0820 0.1065 0.1266 0.1346 @1133232
0.0775 0.1007 0.1196 0.1272 @1134255
0.0731 0.0949 0.1128 0.1199 @1135278
0.0687 0.0893 0.1061 0.1128 @1136301
0.0646 0.0839 0.0997 0.1060 @1137324
0.0605 0.0786 0.0934 0.0993 @1138419
0.0567 0.0736 0.0874 0.0930 @1139442
0.0530 0.0688 0.0817 0.0869 @1140465
0.0494 0.0642 0.0763 0.0811 @1141488
0.0461 0.0599 0.0711 0.0756 @1142511
0.0429 0.0557 0.0662 0.0704 @1143621
0.0399 0.0518 0.0616 0.0655 @1144644
0.0371 0.0481 0.0572 0.0608 @1145667
0.0344 0.0447 0.0531 0.0564 @1146690
0.0319 0.0414 0.0492 0.0523 @1147716
0.0296 0.0384 0.0456 0.0485 @1148805
0.0274 0.0355 0.0422 0.0449 @1149845
0.0253 0.0329 0.0391 0.0415 @1150868
0.0234 0.0304 0.0361 0.0384 @1151891
0.0199 0.0259 0.0308 0.0327 @1152914
0.0170 0.0220 0.0262 0.0278 @1154924
0.0156 0.0203 0.0241 0.0256 @1155947
0.0144 0.0187 0.0222 0.0236 @1157019
0.0133 0.0172 0.0204 0.0217 @1158042
0.3225 0.4189 0.4976 0.5291 @1159184
0.3037 0.3947 0.4690 0.4987 @1160907
0.2640 0.3432 0.4078 0.4336 @1161930
0.2304 0.2996 0.3560 0.3786 @1162953
0.2036 0.2647 0.3147 0.3346 @1163976
0.1824 0.2372 0.2819 0.2998 @1164999
0.1654 0.2151 0.2557 0.2720 @1166022
0.1516 0.1973 0.2345 0.2494 @1167045
0.1403 0.1825 0.2170 0.2308 @1168068
0.1308 0.1702 0.2024 0.2152 @1169091
0.1221 0.1589 0.1889 0.2009 @1170126
0.1138 0.1481 0.1761 0.1873 @1171151
0.1059 0.1379 0.1640 0.1744 @1172204
0.0985 0.1283 0.1525 0.1622 @1173227
0.0915 0.1192 0.1417 0.1508 @1174280
0.0850 0.1106 0.1316 0.1399 @1175305
0.0788 0.1026 0.1220 0.1298 @1176328
0.0730 0.0950 0.1130 0.1203 @1177351
0.0676 0.0880 0.1047 0.1113 @1178374
0.0625 0.0814 0.0968 0.1030 @1179397
0.0578 0.0752 0.0895 0.0952 @1180420
0.0534 0.0695 0.0827 0.0880 @1181443
0.0492 0.0642 0.0763 0.0812 @1182466
0.0454 0.0592 0.0704 0.0749 @1183489
0.0419 0.0546 0.0649 0.0691 @1184512
0.0386 0.0503 0.0598 0.0637 @1185535
0.0355 0.0463 0.0551 0.0586 @1186558
0.0327 0.0426 0.0507 0.0540 @1187581
0.0301 0.0392 0.0467 0.0497 @1188604
0.0277 0.0361 0.0429 0.0457 @1189660
0.0321 0.0418 0.0498 0.0530 @1190683
0.0352 0.0459 0.0546 0.0581 @1191706
0.0374 0.0488 0.0580 0.0617 @1192729
0.0388 0.0506 0.0602 0.0640 @1193752
0.0396 0.0515 0.0613 0.0652 @1194775
0.0398 0.0518 0.0616 0.0656 @1195798
0.0395 0.0515 0.0613 0.0652 @1196821
0.0381 0.0496 0.0590 0.0628 @1197844
0.0370 0.0482 0.0574 0.0610 @1198867
0.0358 0.0466 0.0554 0.0590 @1199931
0.0344 0.0448 0.0533 0.0567 @1200954
0.0329 0.0429 0.0511 0.0543 @1201977
0.0314 0.0410 0.0487 0.0519 @1203000
0.0239 0.0311 0.0370 0.0393 @1208487
0.0224 0.0292 0.0348 0.0370 @1209510
0.0210 0.0274 0.0326 0.0347 @1210533
0.0197 0.0257 0.0305 0.0325 @1211556
0.0184 0.0240 0.0286 0.0304 @1212579
0.0172 0.0224 0.0267 0.0284 @1213673
0.0160 0.0209 0.0249 0.0265 @1214696
0.0149 0.0195 0.0232 0.0247 @1215719
0.0139 0.0181 0.0216 0.0229 @1216742
0.0129 0.0168 0.0200 0.0213 @1217768
0.0302 0.0393 0.0467 0.0497 @1218865
0.0403 0.0526 0.0625 0.0665 @1219888
0.0461 0.0601 0.0715 0.0761 @1220911
0.0494 0.0644 0.0767 0.0816 @1221934
0.0512 0.0668 0.0795 0.0846 @1222957
0.0522 0.0680 0.0809 0.0861 @1224054
0.0524 0.0683 0.0813 0.0865 @1225077
0.0520 0.0678 0.0807 0.0859 @1226100
0.0512 0.0668 0.0795 0.0846 @1227123
0.0501 0.0653 0.0777 0.0827 @1228146
0.0486 0.0634 0.0755 0.0803 @1229249
0.0452 0.0589 0.0701 0.0746 @1230822
0.0496 0.0646 0.0770 0.0819 @1231866
0.0526 0.0686 0.0817 0.0869 @1232890
0.0546 0.0712 0.0848 0.0902 @1233913
0.0556 0.0726 0.0864 0.0919 @1234937
0.0559 0.0729 0.0868 0.0924 @1235961
0.0548 0.0714 0.0850 0.0905 @1237768
0.0536 0.0698 0.0831 0.0885 @1238791
0.0520 0.0679 0.0808 0.0859 @1239823
0.0503 0.0656 0.0781 0.0831 @1240852
0.0484 0.0631 0.0751 0.0799 @1241905
0.0463 0.0604 0.0719 0.0765 @1242930
0.0442 0.0577 0.0686 0.0730 @1243983
0.0421 0.0548 0.0653 0.0695 @1245006
0.0399 0.0520 0.0619 0.0659 @1246061
0.0377 0.0492 0.0586 0.0623 @1247085
0.0356 0.0464 0.0553 0.0588 @1248109
0.0335 0.0437 0.0521 0.0554 @1249132
0.0315 0.0411 0.0489 0.0521 @1250155
0.0296 0.0386 0.0459 0.0488 @1251178
0.0277 0.0361 0.0430 0.0457 @1252201
0.0259 0.0338 0.0402 0.0428 @1253266
0.0242 0.0315 0.0376 0.0400 @1254289
0.0226 0.0294 0.0350 0.0373 @1255312
0.0210 0.0274 0.0326 0.0347 @1256335
0.0196 0.0255 0.0304 0.0323 @1257358
0.0182 0.0237 0.0282 0.0300 @1258381
0.0169 0.0220 0.0262 0.0279 @1259412
0.0157 0.0204 0.0243 0.0259 @1260456
0.0145 0.0189 0.0225 0.0240 @1261479
0.0134 0.0175 0.0209 0.0222 @1262502
0.0124 0.0162 0.0193 0.0205 @1263525
0.0106 0.0139 0.0165 0.0175 @1264716
0.0098 0.0128 0.0152 0.0162 @1265739
0.0350 0.0457 0.0544 0.0579 @1266762
0.0480 0.0626 0.0745 0.0793 @1267788
0.0547 0.0714 0.0850 0.0904 @1268846
0.0581 0.0758 0.0902 0.0960 @1269900
0.0596 0.0778 0.0926 0.0985 @1270923
0.0601 0.0784 0.0933 0.0993 @1271978
0.0598 0.0781 0.0930 0.0989 @1273008
0.0590 0.0770 0.0917 0.0976 @1274053
0.0578 0.0754 0.0898 0.0956 @1275077
0.0562 0.0734 0.0874 0.0930 @1276100
0.0544 0.0710 0.0846 0.0900 @1277123
0.0524 0.0684 0.0814 0.0866 @1278146
0.0502 0.0655 0.0780 0.0831 @1279169
0.0479 0.0626 0.0745 0.0793 @1280192
0.0456 0.0596 0.0710 0.0755 @1281223
0.0433 0.0565 0.0673 0.0717 @1282246
0.0410 0.0535 0.0637 0.0678 @1283270
0.0387 0.0505 0.0602 0.0641 @1284293
0.0365 0.0476 0.0567 0.0603 @1285316
0.0343 0.0448 0.0533 0.0567 @1286350
0.0322 0.0420 0.0500 0.0533 @1287373
0.0301 0.0394 0.0469 0.0499 @1288396
0.0282 0.0368 0.0439 0.0467 @1289439
0.0263 0.0344 0.0410 0.0436 @1290462
0.0246 0.0321 0.0382 0.0407 @1291540
0.0229 0.0299 0.0356 0.0379 @1292563
0.0213 0.0278 0.0332 0.0353 @1293586
0.0198 0.0259 0.0308 0.0328 @1294649
0.0171 0.0223 0.0266 0.0283 @1295672
0.0158 0.0207 0.0246 0.0262 @1296729
0.0147 0.0191 0.0228 0.0243 @1297752
0.0136 0.0177 0.0211 0.0225 @1298792
0.0125 0.0164 0.0195 0.0208 @1299815
0.0116 0.0151 0.0180 0.0192 @1300838
0.0107 0.0140 0.0167 0.0177 @1301952
0.0099 0.0129 0.0154 0.0164 @1302994
0.0091 0.0119 0.0142 0.0151 @1304018
0.0084 0.0110 0.0131 0.0139 @1305041
0.0077 0.0101 0.0120 0.0128 @1306064
0.0071 0.0093 0.0111 0.0118 @1307138
0.0066 0.0086 0.0102 0.0109 @1308161
0.0060 0.0079 0.0094 0.0100 @1309184
0.0055 0.0072 0.0086 0.0092 @1310207
0.0051 0.0067 0.0079 0.0084 @1311230
0.0047 0.0061 0.0073 0.0078 @1312324
0.0043 0.0056 0.0067 0.0071 @1313356
0.0039 0.0052 0.0061 0.0065 @1314379
0.0036 0.0047 0.0056 0.0060 @1315402
0.0033 0.0043 0.0052 0.0055 @1316425
0.0030 0.0040 0.0047 0.0050 @1317520
0.1597 0.2087 0.2487 0.2647 @1318543
0.1645 0.2150 0.2563 0.2728 @1319566
0.1421 0.1857 0.2213 0.2356 @1320589
0.1201 0.1570 0.1871 0.1992 @1321614
0.1537 0.2010 0.2396 0.2550 @1322760
0.1510 0.1975 0.2354 0.2506 @1323785
0.1454 0.1901 0.2266 0.2412 @1324808
0.1757 0.2297 0.2738 0.2915 @1325831
0.1900 0.2483 0.2960 0.3151 @1326871
0.1958 0.2560 0.3051 0.3248 @1327946
0.1972 0.2577 0.3071 0.3269 @1328970
0.1960 0.2561 0.3053 0.3249 @1329993
0.1994 0.2606 0.3106 0.3306 @1331016
0.2002 0.2616 0.3118 0.3319 @1332039
0.1988 0.2598 0.3096 0.3296 @1333134
0.1957 0.2558 0.3048 0.3244 @1334158
0.1913 0.2499 0.2978 0.3170 @1335181
0.1858 0.2427 0.2892 0.3078 @1336204
0.1794 0.2344 0.2793 0.2973 @1337227
0.1725 0.2254 0.2685 0.2858 @1338370
0.1652 0.2158 0.2571 0.2736 @1339396
0.1576 0.2058 0.2452 0.2610 @1340421
0.1498 0.1957 0.2332 0.2482 @1341444
0.1421 0.1856 0.2211 0.2353 @1342467
0.1344 0.1755 0.2091 0.2226 @1343561
0.1268 0.1656 0.1973 0.2100 @1344584
0.1122 0.1465 0.1746 0.1858 @1345607
0.1052 0.1374 0.1637 0.1743 @1346630
0.0985 0.1287 0.1533 0.1632 @1347653
0.0921 0.1203 0.1434 0.1526 @1348751
0.0860 0.1124 0.1339 0.1425 @1349774
0.0802 0.1048 0.1248 0.1329 @1350797
0.0747 0.0976 0.1163 0.1237 @1351820
0.0695 0.0908 0.1082 0.1151 @1352843
0.0646 0.0844 0.1005 0.1070 @1353935
0.0600 0.0783 0.0933 0.0993 @1354958
0.0556 0.0727 0.0866 0.0921 @1355982
0.0516 0.0673 0.0802 0.0854 @1357005
0.0478 0.0624 0.0743 0.0790 @1358028
0.0442 0.0577 0.0687 0.0731 @1359130
0.0408 0.0533 0.0635 0.0676 @1360153
0.0377 0.0493 0.0587 0.0625 @1361176
0.0348 0.0455 0.0542 0.0577 @1362199
0.0321 0.0420 0.0500 0.0532 @1363269
0.0296 0.0387 0.0461 0.0491 @1364322
0.0273 0.0357 0.0425 0.0452 @1365347
0.0252 0.0329 0.0391 0.0417 @1366370
0.0304 0.0397 0.0473 0.0504 @1367393
0.0340 0.0444 0.0529 0.0563 @1368464
0.0366 0.0478 0.0569 0.0605 @1369514
0.0383 0.0500 0.0595 0.0634 @1370540
0.0530 0.0691 0.0823 0.0876 @1371563
0.0572 0.0746 0.0889 0.0946 @1372600
0.0600 0.0784 0.0933 0.0993 @1373625
0.0618 0.0806 0.0960 0.1021 @1374703
0.0625 0.0816 0.0971 0.1034 @1375726
0.0625 0.0816 0.0971 0.1034 @1376749
0.0619 0.0808 0.0962 0.1023 @1377772
0.0608 0.0793 0.0944 0.1004 @1378795
0.0592 0.0773 0.0920 0.0979 @1379904
0.0574 0.0749 0.0892 0.0949 @1380928
0.0554 0.0722 0.0860 0.0915 @1381951
0.0532 0.0693 0.0825 0.0878 @1382974
0.0508 0.0663 0.0789 0.0840 @1383997
0.0484 0.0632 0.0752 0.0800 @1385096
0.0460 0.0600 0.0714 0.0760 @1386121
0.0436 0.0569 0.0677 0.0720 @1387144
0.0412 0.0537 0.0640 0.0681 @1388167
0.0388 0.0506 0.0603 0.0642 @1389190
0.0429 0.0559 0.0665 0.0708 @1390282
0.0457 0.0596 0.0709 0.0754 @1391356
0.0475 0.0619 0.0737 0.0785 @1392380
0.0485 0.0633 0.0753 0.0801 @1393433
0.0488 0.0637 0.0758 0.0806 @1394457
0.0486 0.0634 0.0754 0.0803 @1395519
0.0469 0.0612 0.0728 0.0775 @1396542
0.0456 0.0595 0.0708 0.0753 @1397587
0.0441 0.0575 0.0685 0.0728 @1398610
0.0488 0.0636 0.0757 0.0805 @1399660
0.0521 0.0679 0.0808 0.0860 @1400712
0.0542 0.0707 0.0841 0.0895 @1401740
0.0554 0.0722 0.0860 0.0915 @1402765
0.0558 0.0728 0.0866 0.0921 @1403788
0.0556 0.0725 0.0863 0.0918 @1404811
0.0549 0.0715 0.0851 0.0906 @1405851
0.0537 0.0700 0.0833 0.0887 @1406874
0.0522 0.0681 0.0811 0.0863 @1407897
0.0505 0.0659 0.0784 0.0834 @1408920
0.0486 0.0634 0.0755 0.0803 @1409943
0.0466 0.0608 0.0724 0.0770 @1411037
0.0445 0.0581 0.0691 0.0735 @1412060
0.0424 0.0553 0.0658 0.0700 @1413083
0.0402 0.0524 0.0624 0.0664 @1414106
0.0381 0.0496 0.0591 0.0629 @1415129
0.0339 0.0442 0.0526 0.0559 @1416497
0.0318 0.0415 0.0494 0.0526 @1417568
0.0299 0.0390 0.0464 0.0494 @1418591
0.0280 0.0365 0.0435 0.0462 @1419614
0.0262 0.0342 0.0407 0.0433 @1420637
0.0245 0.0319 0.0380 0.0404 @1421660
0.0228 0.0298 0.0354 0.0377 @1422683
0.0213 0.0277 0.0330 0.0351 @1423750
0.0198 0.0258 0.0307 0.0327 @1424773
0.0184 0.0240 0.0286 0.0304 @1425796
0.0171 0.0223 0.0265 0.0282 @1426819
0.0158 0.0207 0.0246 0.0262 @1427842
0.0274 0.0358 0.0426 0.0453 @1428865
0.0345 0.0450 0.0536 0.0570 @1429933
0.0389 0.0508 0.0605 0.0643 @1430956
0.0417 0.0544 0.0648 0.0690 @1431979
0.0436 0.0568 0.0677 0.0720 @1433002
0.0446 0.0582 0.0693 0.0737 @1434025
0.0451 0.0588 0.0699 0.0744 @1435048
0.0449 0.0586 0.0698 0.0742 @1436071
0.0444 0.0579 0.0689 0.0733 @1437117
0.0435 0.0567 0.0675 0.0718 @1438140
0.0424 0.0552 0.0657 0.0699 @1439163
0.0410 0.0535 0.0636 0.0677 @1440186
0.0395 0.0515 0.0613 0.0652 @1441209
0.0379 0.0494 0.0588 0.0625 @1442273
0.0362 0.0472 0.0561 0.0597 @1443296
0.0345 0.0449 0.0535 0.0569 @1444319
0.0948 0.1236 0.1471 0.1565 @1445342
0.1233 0.1607 0.1912 0.2034 @1446365
0.1418 0.1848 0.2199 0.2339 @1447461
0.1431 0.1865 0.2220 0.2361 @1448509
0.1424 0.1855 0.2207 0.2348 @1449533
0.1404 0.1829 0.2176 0.2315 @1450556
0.1373 0.1790 0.2129 0.2265 @1451579
0.1502 0.1957 0.2328 0.2477 @1452646
0.1575 0.2053 0.2443 0.2599 @1453670
0.1616 0.2107 0.2507 0.2667 @1454693
0.1633 0.2129 0.2534 0.2696 @1455716
0.1630 0.2126 0.2530 0.2692 @1456739
0.1612 0.2102 0.2502 0.2662 @1457844
0.1581 0.2062 0.2454 0.2612 @1458868
0.1540 0.2009 0.2391 0.2545 @1459891
0.1491 0.1946 0.2316 0.2465 @1460914
0.1500 0.1957 0.2331 0.2480 @1461937
0.1873 0.2444 0.2910 0.3096 @1463032
0.2087 0.2723 0.3242 0.3450 @1464056
0.2208 0.2881 0.3430 0.3650 @1465079
0.2273 0.2966 0.3531 0.3758 @1466102
0.2302 0.3004 0.3577 0.3807 @1467125
0.2303 0.3005 0.3579 0.3808 @1468223
0.2281 0.2976 0.3544 0.3772 @1469282
0.2240 0.2923 0.3481 0.3704 @1470336
0.2184 0.2851 0.3395 0.3613 @1471359
0.2118 0.2764 0.3291 0.3503 @1472413
0.1961 0.2559 0.3048 0.3244 @1473468
0.1875 0.2448 0.2915 0.3102 @1474492
0.1787 0.2333 0.2778 0.2957 @1475515
0.1698 0.2217 0.2640 0.2809 @1476566
0.1609 0.2100 0.2501 0.2662 @1477590
0.1521 0.1985 0.2364 0.2516 @1478657
0.1434 0.1872 0.2229 0.2372 @1479680
0.1349 0.1761 0.2098 0.2232 @1480722
0.1267 0.1654 0.1970 0.2097 @1481746
0.1188 0.1551 0.1847 0.1966 @1482798
0.1112 0.1452 0.1729 0.1840 @1483847
0.1039 0.1357 0.1616 0.1720 @1484872
0.1033 0.1349 0.1607 0.1710 @1485897
0.1018 0.1329 0.1583 0.1685 @1486951
0.0996 0.1300 0.1548 0.1648 @1487976
0.0967 0.1263 0.1504 0.1601 @1489036
0.0935 0.1220 0.1454 0.1547 @1490084
0.0899 0.1174 0.1398 0.1488 @1491108
0.0861 0.1124 0.1339 0.1425 @1492131
0.0822 0.1073 0.1278 0.1360 @1493154
0.0782 0.1021 0.1216 0.1294 @1494181
0.0742 0.0968 0.1153 0.1227 @1495225
0.0702 0.0916 0.1091 0.1161 @1496282
0.0662 0.0865 0.1030 0.1096 @1497311
0.0586 0.0765 0.0911 0.0970 @1498402
0.0550 0.0718 0.0855 0.0910 @1499437
0.0515 0.0672 0.0801 0.0852 @1500460
0.0545 0.0711 0.0847 0.0902 @1501483
0.0564 0.0736 0.0876 0.0933 @1502512
0.0573 0.0748 0.0891 0.0948 @1503537
0.0575 0.0751 0.0894 0.0951 @1504566
0.0571 0.0745 0.0887 0.0944 @1505608
0.0562 0.0733 0.0873 0.0929 @1506666
0.0549 0.0716 0.0853 0.0908 @1507689
0.0533 0.0695 0.0828 0.0881 @1508739
0.0514 0.0671 0.0800 0.0851 @1509808
0.0494 0.0645 0.0769 0.0818 @1510834
0.0473 0.0618 0.0736 0.0783 @1511857
0.0452 0.0589 0.0702 0.0747 @1512880
0.0429 0.0560 0.0667 0.0710 @1513903
0.0407 0.0531 0.0633 0.0673 @1514946
0.0385 0.0502 0.0598 0.0636 @1515969
0.0363 0.0474 0.0564 0.0600 @1517017
0.0342 0.0446 0.0531 0.0565 @1518040
0.0321 0.0419 0.0499 0.0531 @1519063
0.0282 0.0368 0.0438 0.0466 @1520384
0.0246 0.0321 0.0383 0.0407 @1522369
0.0230 0.0300 0.0357 0.0380 @1523413
0.0214 0.0279 0.0332 0.0354 @1524436
0.0199 0.0260 0.0309 0.0329 @1525459
0.0185 0.0241 0.0287 0.0306 @1526482
0.0172 0.0224 0.0267 0.0284 @1527505
0.0159 0.0208 0.0247 0.0263 @1528573
0.0148 0.0193 0.0229 0.0244 @1529596
0.0137 0.0178 0.0212 0.0226 @1530619
0.0126 0.0165 0.0196 0.0209 @1531642
0.0117 0.0152 0.0182 0.0193 @1532665
0.0108 0.0141 0.0168 0.0178 @1533688
0.0100 0.0130 0.0155 0.0165 @1534711
0.0092 0.0120 0.0143 0.0152 @1535796
0.0085 0.0111 0.0132 0.0140 @1536849
0.0078 0.0102 0.0121 0.0129 @1537872
0.0072 0.0094 0.0112 0.0119 @1538895
0.0066 0.0086 0.0103 0.0110 @1539918
0.0061 0.0080 0.0095 0.0101 @1540989
0.0056 0.0073 0.0087 0.0093 @1542013
0.0714 0.0931 0.1109 0.1180 @1543036
0.0930 0.1213 0.1444 0.1536 @1544059
0.0983 0.1283 0.1527 0.1625 @1545082
0.0975 0.1272 0.1515 0.1612 @1546177
0.0944 0.1232 0.1467 0.1561 @1547200
0.0906 0.1182 0.1408 0.1498 @1548228
0.0867 0.1132 0.1348 0.1434 @1549251
0.0830 0.1083 0.1290 0.1373 @1550274
0.0757 0.0989 0.1178 0.1253 @1551368
0.0720 0.0940 0.1120 0.1192 @1552391
0.0683 0.0891 0.1062 0.1130 @1553414
0.0645 0.0843 0.1004 0.1068 @1554437
0.0609 0.0795 0.0947 0.1008 @1555461
0.0573 0.0749 0.0892 0.0949 @1556558
0.0539 0.0703 0.0838 0.0892 @1557581
0.0505 0.0660 0.0786 0.0836 @1558604
0.0473 0.0618 0.0736 0.0783 @1559627
0.0442 0.0578 0.0688 0.0732 @1560650
0.0413 0.0539 0.0642 0.0684 @1561755
0.0385 0.0503 0.0599 0.0638 @1562779
0.0359 0.0468 0.0558 0.0594 @1563802
0.0334 0.0436 0.0519 0.0553 @1564825
0.0310 0.0405 0.0482 0.0513 @1565848
0.0288 0.0376 0.0448 0.0477 @1566946
0.0267 0.0349 0.0415 0.0442 @1567969
0.0247 0.0323 0.0385 0.0410 @1568993
0.0229 0.0299 0.0356 0.0379 @1570016
0.0293 0.0383 0.0456 0.0485 @1571039
0.0335 0.0438 0.0521 0.0555 @1572141
0.0365 0.0477 0.0568 0.0604 @1573164
0.0385 0.0504 0.0600 0.0639 @1574187
0.0398 0.0520 0.0620 0.0660 @1575211
0.0405 0.0529 0.0630 0.0670 @1576234
0.0403 0.0526 0.0627 0.0667 @1577374
0.0396 0.0517 0.0616 0.0656 @1578397
0.0387 0.0505 0.0602 0.0641 @1579420
0.0375 0.0490 0.0584 0.0622 @1580443
0.0348 0.0455 0.0542 0.0577 @1582281
0.0333 0.0435 0.0519 0.0552 @1583305
0.0318 0.0415 0.0495 0.0526 @1584328
0.0302 0.0395 0.0470 0.0501 @1585351
0.0286 0.0374 0.0446 0.0474 @1586374
0.0271 0.0354 0.0422 0.0449 @1587397
0.0256 0.0334 0.0398 0.0423 @1588450
0.0241 0.0314 0.0374 0.0398 @1589473
0.1358 0.1774 0.2113 0.2249 @1590496
0.1755 0.2292 0.2731 0.2907 @1591519
0.1871 0.2444 0.2911 0.3098 @1592542
0.1873 0.2446 0.2914 0.3101 @1593565
0.1828 0.2387 0.2844 0.3027 @1594588
0.1886 0.2463 0.2934 0.3122 @1595611
0.1995 0.2606 0.3104 0.3303 @1596634
0.2577 0.3365 0.4009 0.4267 @1597657
0.4207 0.5495 0.6546 0.6967 @1598680
0.5420 0.7079 0.8433 0.8975 @1599703
0.6594 0.8613 1.0262 1.0922 @1600726
0.7653 1.0001 1.1918 1.2686 @1601749
0.8166 1.0675 1.2723 1.3544 @1602772
0.8472 1.1078 1.3206 1.4058 @1603795
0.8580 1.1222 1.3380 1.4243 @1604818
0.8634 1.1297 1.3472 1.4342 @1605841
0.8780 1.1492 1.3705 1.4591 @1606864
0.9001 1.1781 1.4051 1.4960 @1607887
0.9216 1.2065 1.4391 1.5322 @1608910
0.9298 1.2174 1.4522 1.5462 @1609933
0.9335 1.2223 1.4581 1.5525 @1610956
0.9335 1.2222 1.4580 1.5524 @1611988
0.9241 1.2100 1.4434 1.5368 @1613013
0.9073 1.1879 1.4171 1.5088 @1614061
0.8845 1.1582 1.3816 1.4711 @1615086
0.8637 1.1310 1.3492 1.4366 @1616140
0.8445 1.1059 1.3194 1.4048 @1617164
0.8204 1.0745 1.2820 1.3650 @1618187
0.7738 1.0135 1.2091 1.2875 @1619210
0.7456 0.9765 1.1650 1.2405 @1620233
0.7216 0.9451 1.1276 1.2006 @1621256
0.7139 0.9349 1.1153 1.1875 @1622279
0.7068 0.9255 1.1040 1.1755 @1623302
0.7004 0.9171 1.0940 1.1648 @1624325
0.6882 0.9011 1.0749 1.1444 @1625348
0.6777 0.8873 1.0584 1.1269 @1626392
0.6815 0.8923 1.0645 1.1334 @1627415
0.6777 0.8875 1.0588 1.1274 @1628438
0.6679 0.8748 1.0436 1.1113 @1629461
0.6723 0.8806 1.0507 1.1188 @1630513
0.6755 0.8849 1.0558 1.1243 @1631537
0.6839 0.8959 1.0690 1.1384 @1632590
0.6839 0.8959 1.0691 1.1384 @1633614
0.6896 0.9034 1.0780 1.1478 @1634637
0.6937 0.9086 1.0841 1.1544 @1635660
0.7027 0.9202 1.0977 1.1688 @1636683
0.7092 0.9284 1.1074 1.1791 @1637706
0.7074 0.9258 1.1041 1.1755 @1638729
0.7178 0.9390 1.1195 1.1918 @1639762
0.7190 0.9401 1.1207 1.1930 @1640785
0.7127 0.9316 1.1103 1.1818 @1641808
0.7005 0.9153 1.0907 1.1609 @1642831
0.6900 0.9012 1.0736 1.1427 @1643854
0.6745 0.8807 1.0490 1.1164 @1644894
0.6615 0.8634 1.0282 1.0942 @1645917
0.6506 0.8488 1.0107 1.0754 @1646940
0.6353 0.8285 0.9863 1.0494 @1647963
0.6228 0.8119 0.9662 1.0280 @1648988
0.6065 0.7903 0.9403 1.0004 @1650085
0.5719 0.7446 0.8856 0.9420 @1651184
0.5539 0.7208 0.8571 0.9116 @1652223
0.5337 0.6942 0.8253 0.8778 @1653253
0.5120 0.6658 0.7913 0.8416 @1654276
0.4893 0.6360 0.7558 0.8038 @1655347
0.4660 0.6056 0.7195 0.7651 @1656370
0.4488 0.5830 0.6925 0.7364 @1657393
0.4366 0.5670 0.6734 0.7160 @1658416
0.4350 0.5648 0.6707 0.7131 @1659439
0.4294 0.5573 0.6617 0.7035 @1660473
0.4205 0.5456 0.6478 0.6887 @1661496
0.4091 0.5307 0.6300 0.6698 @1662519
0.3958 0.5133 0.6093 0.6477 @1663545
0.3810 0.4941 0.5864 0.6234 @1664568
0.3653 0.4736 0.5620 0.5974 @1665663
0.3434 0.4450 0.5279 0.5611 @1667164
0.3304 0.4281 0.5078 0.5397 @1668187
0.3166 0.4101 0.4864 0.5170 @1669210
0.3022 0.3914 0.4642 0.4934 @1670233
0.3002 0.3886 0.4609 0.4898 @1671256
0.2955 0.3825 0.4535 0.4819 @1672281
0.2950 0.3818 0.4526 0.4810 @1673305
0.2980 0.3855 0.4570 0.4856 @1674328
0.2974 0.3846 0.4559 0.4844 @1675351
0.2939 0.3801 0.4504 0.4786 @1676374
0.2882 0.3726 0.4415 0.4690 @1677397
0.2806 0.3627 0.4298 0.4566 @1678420
0.2717 0.3512 0.4160 0.4420 @1679443
0.2743 0.3544 0.4198 0.4460 @1680474
0.2737 0.3535 0.4187 0.4447 @1681498
0.2830 0.3654 0.4326 0.4595 @1682553
0.2940 0.3794 0.4491 0.4770 @1683577
0.3062 0.3950 0.4674 0.4965 @1684600
0.3256 0.4197 0.4966 0.5274 @1685623
0.3380 0.4355 0.5152 0.5470 @1686646
0.3446 0.4439 0.5249 0.5574 @1687669
0.3466 0.4462 0.5275 0.5601 @1688692
0.3509 0.4516 0.5338 0.5667 @1689715
0.3572 0.4596 0.5431 0.5765 @1690738
0.3776 0.4857 0.5739 0.6092 @1691761
0.3966 0.5099 0.6025 0.6395 @1692784
0.4142 0.5325 0.6290 0.6676 @1693807
0.4244 0.5453 0.6441 0.6836 @1694830
0.4346 0.5583 0.6593 0.6998 @1695853
0.4385 0.5632 0.6650 0.7058 @1696887
0.4373 0.5615 0.6629 0.7035 @1697910
0.4508 0.5787 0.6831 0.7249 @1698933
0.4572 0.5868 0.6926 0.7350 @1699956
0.4577 0.5874 0.6933 0.7357 @1700979
0.4536 0.5821 0.6869 0.7289 @1702082
0.4349 0.5579 0.6583 0.6984 @1703155
0.4218 0.5410 0.6383 0.6772 @1704180
0.4070 0.5219 0.6156 0.6532 @1705203
0.3909 0.5011 0.5912 0.6272 @1706227
0.3739 0.4794 0.5654 0.5999 @1707273
0.3564 0.4569 0.5389 0.5717 @1708298
0.3387 0.4341 0.5120 0.5432 @1709355
0.3210 0.4114 0.4851 0.5147 @1710378
0.3034 0.3888 0.4585 0.4864 @1711401
0.2861 0.3666 0.4323 0.4586 @1712466
0.2693 0.3450 0.4068 0.4315 @1713489
0.2529 0.3240 0.3820 0.4053 @1714512
0.2372 0.3038 0.3582 0.3800 @1715552
0.2220 0.2844 0.3353 0.3556 @1716576
0.2138 0.2738 0.3228 0.3424 @1717653
0.2050 0.2625 0.3095 0.3283 @1718676
0.2021 0.2587 0.3050 0.3235 @1719705
0.1977 0.2531 0.2983 0.3164 @1720730
0.1921 0.2460 0.2899 0.3075 @1721783
0.1857 0.2378 0.2802 0.2972 @1722840
0.1787 0.2287 0.2696 0.2859 @1723863
0.1837 0.2351 0.2770 0.2938 @1724886
0.1859 0.2379 0.2803 0.2973 @1725909
0.1921 0.2458 0.2896 0.3071 @1726958
0.1952 0.2497 0.2941 0.3119 @1728034
0.1942 0.2483 0.2925 0.3102 @1729057
0.1911 0.2442 0.2876 0.3050 @1730080
0.1991 0.2545 0.2997 0.3177 @1731103
0.2036 0.2602 0.3064 0.3248 @1732126
0.2115 0.2702 0.3181 0.3373 @1733250
0.2157 0.2755 0.3244 0.3439 @1734325
0.2170 0.2771 0.3262 0.3459 @1735348
0.2159 0.2756 0.3244 0.3439 @1736371
0.2190 0.2796 0.3291 0.3489 @1737394
0.2319 0.2960 0.3482 0.3692 @1738442
0.2463 0.3142 0.3697 0.3919 @1739465
0.2554 0.3259 0.3834 0.4064 @1740488
0.2603 0.3320 0.3906 0.4140 @1741515
0.2741 0.3496 0.4112 0.4358 @1742540
0.2826 0.3603 0.4237 0.4491 @1743636
0.2866 0.3653 0.4296 0.4554 @1744662
0.2870 0.3658 0.4301 0.4558 @1745685
0.2844 0.3624 0.4261 0.4516 @1746708
0.2795 0.3561 0.4186 0.4437 @1747747
0.2727 0.3474 0.4084 0.4328 @1748825
0.2645 0.3369 0.3960 0.4196 @1749848
0.2614 0.3329 0.3912 0.4146 @1750871
0.2563 0.3263 0.3835 0.4064 @1751894
0.2496 0.3177 0.3734 0.3956 @1752917
0.2233 0.2842 0.3338 0.3537 @1755022
0.2197 0.2795 0.3283 0.3479 @1756045
1.7172 2.1854 2.5676 2.7205 @1757068
3.0676 3.9058 4.5900 4.8639 @1758091
12.9693 16.5926 19.5501 20.7341 @1759267
13.3199 17.1081 20.2003 21.4382 @1760320
12.9198 16.6692 19.7298 20.9552 @1761377
17.2044 22.4265 26.6899 28.3968 @1762402
15.9195 20.9357 25.0316 26.6715 @1763454
13.4006 17.7796 21.3555 22.7872 @1764514
10.7184 14.3342 17.2871 18.4693 @1765537
8.8266 11.8951 14.4012 15.4046 @1766560
7.4482 10.1140 12.2914 13.1631 @1767609
7.5395 10.3026 12.5595 13.4632 @1768632
7.0037 9.6242 11.7649 12.6219 @1769698
6.4504 8.9073 10.9144 11.7180 @1770721
5.9961 8.3238 10.2254 10.9867 @1771762
5.6771 7.9200 9.7524 10.4860 @1772785
5.5655 7.7968 9.6198 10.3497 @1773839
5.6855 7.9932 9.8786 10.6335 @1774892
5.9428 8.3947 10.3981 11.2002 @1775915
6.1906 8.7854 10.9056 11.7544 @1776938
6.4008 9.1215 11.3447 12.2348 @1777961
6.7818 9.7133 12.1089 13.0680 @1778985
6.9645 9.9961 12.4734 13.4653 @1780033
7.1638 10.3123 12.8852 13.9154 @1781057
7.2931 10.5302 13.1755 14.2346 @1782081
7.3884 10.7046 13.4146 14.4997 @1783104
7.4900 10.8770 13.6450 14.7532 @1784127
7.5731 11.0241 13.8444 14.9735 @1785226
7.5986 11.0834 13.9313 15.0715 @1786249
7.6188 11.1360 14.0104 15.1612 @1787272
7.6825 11.2554 14.1755 15.3446 @1788295
7.6850 11.2827 14.2230 15.4003 @1789318
7.7111 11.3407 14.3071 15.4948 @1790416
7.6955 11.3335 14.3069 15.4974 @1791440
7.6582 11.2879 14.2545 15.4422 @1792483
7.6727 11.3170 14.2955 15.4879 @1793538
104.4174 160.5890 206.5085 224.8933 @1794561
136.6985 216.5606 281.8554 307.9973 @1795607
129.6704 210.7928 277.1248 303.6820 @1796652
106.3711 176.8784 234.5351 257.6191 @1797709
80.2457 136.2393 182.0309 200.3644 @1798740
56.7760 98.1733 132.0299 145.5850 @1799786
39.3327 69.0874 93.4232 103.1664 @1800866
27.7025 49.2975 66.9602 74.0318 @1801890
20.6043 37.0387 50.4809 55.8627 @1802913
17.6059 31.9576 43.6966 48.3965 @1803941
12.4215 22.8721 31.4204 34.8429 @1804966
11.1986 20.7413 28.5470 31.6722 @1806006
9.7006 18.0685 24.9134 27.6539 @1807039
11.6689 21.7996 30.0865 33.4044 @1808094
11.4477 21.4449 29.6227 32.8969 @1809120
9.7386 18.2896 25.2845 28.0850 @1810173
9.8859 18.6199 25.7645 28.6249 @1811198
9.0625 17.1088 23.6909 26.3261 @1812248
9.8145 18.5800 25.7504 28.6212 @1813273
9.9713 18.9171 26.2352 29.1650 @1814327
9.1368 17.3654 24.0966 26.7916 @1815352
9.4742 18.0358 25.0396 27.8437 @1816385
9.0332 17.2194 23.9161 26.5972 @1817423
8.7685 16.7213 23.2269 25.8316 @1818481
8.2366 15.7158 21.8340 24.2836 @1819504
7.8158 14.9093 20.7121 23.0353 @1820557
7.2857 13.8952 19.3019 21.4667 @1821628
7.0904 13.5229 18.7849 20.8916 @1822651
6.7368 12.8483 17.8479 19.8495 @1823674
6.5927 12.5729 17.4649 19.4236 @1824697
6.4825 12.3573 17.1631 19.0872 @1825720
6.4084 12.2076 16.9516 18.8509 @1826769
6.3470 12.0821 16.7737 18.6520 @1827792
6.2763 11.9368 16.5672 18.4211 @1828815
6.2544 11.8875 16.4956 18.3405 @1829838
6.2513 11.8855 16.4945 18.3397 @1830876
6.1897 11.7569 16.3110 18.1344 @1831959
6.1351 11.6456 16.1533 17.9581 @1832982
6.0533 11.4832 15.9251 17.7035 @1834009
5.9556 11.2903 15.6542 17.4014 @1835923
5.8971 11.1756 15.4935 17.2223 @1836946
5.8536 11.0866 15.3674 17.0813 @1837969
5.8141 11.0024 15.2465 16.9458 @1838992
5.7925 10.9460 15.1616 16.8494 @1840015
5.7802 10.9077 15.1021 16.7814 @1841038
5.7511 10.8376 14.9985 16.6644 @1842061
5.7257 10.7766 14.9084 16.5626 @1843084
5.6936 10.7008 14.7967 16.4366 @1844107
5.6255 10.5577 14.5922 16.2076 @1845130
5.5615 10.4246 14.4027 15.9954 @1846165
5.4905 10.2733 14.1857 15.7521 @1847189
5.4080 10.0998 13.9377 15.4743 @1848240
5.3503 9.9759 13.7596 15.2745 @1849270
5.2642 9.7980 13.5068 14.9916 @1850319
5.1942 9.6473 13.2898 14.7482 @1851344
5.1452 9.5314 13.1192 14.5556 @1852367
5.1232 9.4661 13.0186 14.4409 @1853390
5.0857 9.3772 12.8876 14.2931 @1854440
5.0438 9.2843 12.7529 14.1416 @1855463
5.0046 9.1949 12.6225 13.9949 @1856516
4.9760 9.1250 12.5187 13.8775 @1857541
5.0058 9.1678 12.5722 13.9353 @1858595
5.0165 9.1725 12.5720 13.9331 @1859618
4.9960 9.1178 12.4893 13.8391 @1860641
4.9917 9.0955 12.4522 13.7962 @1861664
4.9681 9.0381 12.3673 13.7001 @1862687
4.9443 8.9797 12.2804 13.6019 @1863710
4.9134 8.9090 12.1771 13.4856 @1864745
4.8213 8.7082 11.8873 13.1602 @1865886
4.7853 8.6234 11.7628 13.0196 @1866909
4.7534 8.5470 11.6500 12.8923 @1867932
4.7647 8.5525 11.6506 12.8910 @1868955
4.7548 8.5176 11.5953 12.8275 @1869978
4.7372 8.4713 11.5255 12.7483 @1871001
4.7181 8.4174 11.4430 12.6544 @1872024
4.7081 8.3814 11.3858 12.5887 @1873047
4.7031 8.3506 11.3339 12.5283 @1874070
4.6812 8.2910 11.2435 12.4256 @1875093
4.6405 8.2042 11.1190 12.2859 @1876116
4.5995 8.1208 11.0008 12.1539 @1877139
4.5796 8.0736 10.9313 12.0755 @1878162
4.5792 8.0652 10.9164 12.0579 @1879185
4.5784 8.0573 10.9026 12.0418 @1880208
4.5763 8.0457 10.8832 12.0193 @1881261
4.5645 8.0137 10.8347 11.9641 @1882316
4.5405 7.9648 10.7655 11.8868 @1883340
4.5135 7.9121 10.6918 11.8047 @1884364
4.4614 7.8163 10.5601 11.6587 @1885387
4.4034 7.7076 10.4101 11.4921 @1886436
4.3641 7.6306 10.3022 11.3718 @1887460
4.3478 7.5932 10.2474 11.3101 @1888512
4.3063 7.5137 10.1369 11.1871 @1889540
4.2522 7.4136 9.9992 11.0343 @1890589
4.2317 7.3692 9.9352 10.9626 @1891613
4.2105 7.3254 9.8729 10.8929 @1892665
4.1812 7.2693 9.7948 10.8060 @1893689
4.1451 7.2004 9.6992 10.6997 @1894739
4.1040 7.1235 9.5930 10.5817 @1895764
4.0672 7.0554 9.4993 10.4778 @1896818
4.0035 6.9330 9.3289 10.2881 @1897841
3.9664 6.8602 9.2269 10.1744 @1898895
3.9403 6.8051 9.1481 10.0861 @1899918
3.9161 6.7530 9.0732 10.0021 @1900971
3.9081 6.7277 9.0336 9.9568 @1901995
3.8979 6.6966 8.9854 9.9017 @1903048
3.9019 6.6902 8.9706 9.8835 @1904071
3.8944 6.6638 8.9287 9.8355 @1905094
3.9227 6.6994 8.9702 9.8793 @1906117
3.9198 6.6666 8.9128 9.8122 @1907813
3.9027 6.6224 8.8465 9.7370 @1908836
3.8997 6.6012 8.8106 9.6951 @1909969
3.8933 6.5736 8.7654 9.6430 @1911009
3.8629 6.5058 8.6671 9.5325 @1912034
3.8729 6.5097 8.6660 9.5293 @1913087
3.8718 6.4979 8.6454 9.5052 @1914112
3.8828 6.5071 8.6531 9.5124 @1915171
3.9249 6.5617 8.7180 9.5813 @1916816
3.9740 6.6334 8.8082 9.6789 @1917839
4.0108 6.6876 8.8765 9.7529 @1918862
4.0210 6.6956 8.8828 9.7584 @1919925
4.0407 6.7228 8.9162 9.7943 @1920985
4.0671 6.7626 8.9668 9.8492 @1922008
4.1482 6.8909 9.1337 10.0317 @1923062
4.2457 7.0498 9.3428 10.2609 @1924085
4.3172 7.1625 9.4893 10.4209 @1925109
4.3600 7.2269 9.5713 10.5100 @1926132
4.4294 7.3334 9.7081 10.6588 @1927182
4.4910 7.4260 9.8261 10.7870 @1928205
4.5247 7.4738 9.8853 10.8508 @1929228
4.5716 7.5446 9.9757 10.9490 @1930251
4.5637 7.5254 9.9473 10.9170 @1931274
4.5331 7.4697 9.8711 10.8326 @1932297
4.5043 7.4134 9.7922 10.7446 @1933320
4.4786 7.3625 9.7206 10.6647 @1934343
4.4642 7.3333 9.6794 10.6187 @1935366
4.5012 7.3893 9.7509 10.6964 @1936391
4.5076 7.3955 9.7569 10.7023 @1937415
4.5192 7.4137 9.7805 10.7281 @1938438
4.5258 7.4220 9.7903 10.7385 @1939477
4.5152 7.4039 9.7661 10.7118 @1940501
4.4981 7.3772 9.7314 10.6740 @1941551
4.4810 7.3468 9.6902 10.6284 @1942575
4.4810 7.3476 9.6916 10.6300 @1943598
4.4930 7.3661 9.7154 10.6560 @1944621
4.6386 7.5934 10.0096 10.9770 @1945644
4.7016 7.6870 10.1282 11.1056 @1946667
4.7614 7.7747 10.2387 11.2252 @1947759
4.7710 7.7809 10.2420 11.2273 @1948783
4.7723 7.7710 10.2229 11.2046 @1949806
4.7875 7.7797 10.2263 11.2058 @1950831
4.8022 7.7913 10.2354 11.2140 @1951855
4.7923 7.7598 10.1862 11.1576 @1952878
4.7567 7.6867 10.0825 11.0417 @1953915
4.7000 7.5788 9.9326 10.8750 @1954939
4.6637 7.5059 9.8298 10.7602 @1955992
4.6219 7.4242 9.7155 10.6328 @1957044
4.5621 7.3137 9.5635 10.4643 @1958069
4.5162 7.2250 9.4397 10.3264 @1959123
4.4890 7.1650 9.3530 10.2290 @1960147
4.4937 7.1619 9.3435 10.2169 @1961200
4.4872 7.1416 9.3118 10.1807 @1962228
4.4799 7.1227 9.2836 10.1487 @1963277
4.4631 7.0874 9.2330 10.0920 @1964301
4.4670 7.0832 9.2222 10.0786 @1965354
4.4667 7.0720 9.2021 10.0550 @1966377
4.4497 7.0361 9.1507 9.9973 @1967428
4.4122 6.9685 9.0585 9.8953 @1968453
4.3928 6.9287 9.0021 9.8321 @1969508
4.3826 6.9060 8.9691 9.7951 @1970533
4.3853 6.9017 8.9591 9.7828 @1971584
4.3790 6.8862 8.9359 9.7566 @1972607
4.3788 6.8801 8.9251 9.7438 @1973661
4.3838 6.8835 8.9273 9.7455 @1974685
4.3428 6.8171 8.8401 9.6500 @1975738
4.3149 6.7712 8.7793 9.5833 @1976762
4.2834 6.7180 8.7084 9.5053 @1977785
4.2511 6.6674 8.6428 9.4337 @1978808
4.2575 6.6728 8.6475 9.4381 @1979860
4.3165 6.7583 8.7547 9.5539 @1980883
4.3556 6.8129 8.8219 9.6262 @1981906
4.3850 6.8523 8.8695 9.6771 @1982929
4.4195 6.8980 8.9243 9.7355 @1983952
4.4520 6.9418 8.9773 9.7923 @1984975
4.4533 6.9350 8.9638 9.7761 @1986026
4.4497 6.9179 8.9357 9.7435 @1987050
4.4361 6.8849 8.8868 9.6883 @1988097
4.4429 6.8850 8.8815 9.6809 @1989120
4.4244 6.8472 8.8279 9.6208 @1990143
4.3991 6.7987 8.7603 9.5457 @1991167
4.3956 6.7824 8.7337 9.5149 @1992191
4.3763 6.7436 8.6789 9.4537 @1993214
4.3858 6.7502 8.6830 9.4569 @1994237
4.4098 6.7758 8.7099 9.4843 @1995260
4.4330 6.8011 8.7370 9.5121 @1996283
4.4275 6.7829 8.7083 9.4792 @1997306
4.4254 6.7679 8.6829 9.4496 @1998358
4.3858 6.6965 8.5854 9.3416 @1999382
4.3563 6.6381 8.5033 9.2501 @2000405
4.3355 6.5924 8.4373 9.1760 @2001429
4.3228 6.5605 8.3896 9.1219 @2002452
4.3167 6.5393 8.3562 9.0836 @2003546
4.2818 6.4761 8.2697 8.9878 @2004569
4.2508 6.4181 8.1897 8.8990 @2005592
4.2506 6.4068 8.1694 8.8750 @2006615
4.2684 6.4225 8.1833 8.8883 @2007638
4.2671 6.3966 8.1372 8.8340 @2008744
4.2395 6.3442 8.0644 8.7532 @2009818
4.2213 6.3054 8.0089 8.6909 @2010842
4.2103 6.2754 7.9633 8.6391 @2011895
4.1857 6.2262 7.8940 8.5618 @2012918
4.1570 6.1715 7.8180 8.4772 @2013945
4.1255 6.1136 7.7386 8.3892 @2014990
4.0919 6.0535 7.6568 8.2987 @2016047
4.0705 6.0120 7.5987 8.2340 @2017070
4.0318 5.9447 7.5081 8.1340 @2018124
3.9731 5.8484 7.3811 7.9948 @2019188
3.9462 5.8007 7.3163 7.9231 @2020211
3.9047 5.7318 7.2251 7.8230 @2021234
3.8587 5.6572 7.1272 7.7157 @2022275
3.8160 5.5881 7.0363 7.6162 @2023300
3.8032 5.5628 7.0008 7.5766 @2024331
3.8071 5.5599 6.9925 7.5660 @2025354
3.8118 5.5584 6.9858 7.5573 @2026377
3.8107 5.5493 6.9702 7.5391 @2027400
3.8388 5.5849 7.0119 7.5832 @2028444
3.8146 5.5411 6.9520 7.5169 @2029639
3.7803 5.4882 6.8839 7.4427 @2030662
3.7616 5.4593 6.8466 7.4021 @2031685
3.7423 5.4300 6.8093 7.3615 @2032708
3.7153 5.3881 6.7552 7.3025 @2033731
3.7029 5.3678 6.7285 7.2732 @2034766
3.6755 5.3255 6.6740 7.2138 @2035814
3.6229 5.2465 6.5733 7.1045 @2036838
3.5911 5.1990 6.5130 7.0390 @2037891
3.6027 5.2145 6.5317 7.0591 @2038915
3.6025 5.2125 6.5283 7.0551 @2039971
3.6128 5.2258 6.5440 7.0718 @2041000
3.6177 5.2304 6.5482 7.0758 @2042046
3.6182 5.2273 6.5423 7.0688 @2043070
3.6161 5.2220 6.5344 7.0599 @2044119
3.6177 5.2218 6.5326 7.0574 @2045171
3.6696 5.2949 6.6232 7.1550 @2046194
3.7209 5.3664 6.7112 7.2495 @2047217
4.0439 5.8309 7.2912 7.8758 @2048240
4.3080 6.2122 7.7682 8.3911 @2049263
4.4725 6.4478 8.0620 8.7083 @2050309
4.5693 6.5841 8.2305 8.8897 @2051332
4.7164 6.7939 8.4916 9.1713 @2052364
4.8261 6.9518 8.6888 9.3843 @2053388
4.9069 7.0658 8.8299 9.5362 @2054411
