8.4671 8.4747 8.4747 8.4747 @5796
8.3835 8.3910 8.3910 8.3910 @6854
8.3628 8.3703 8.3703 8.3703 @7879
8.3193 8.3268 8.3268 8.3268 @8905
8.2464 8.2538 8.2538 8.2538 @10135
8.1902 8.1975 8.1975 8.1975 @11188
8.1367 8.1440 8.1440 8.1440 @12247
8.0916 8.0989 8.0989 8.0989 @13271
8.0197 8.0269 8.0269 8.0269 @14325
7.9381 7.9452 7.9452 7.9452 @15366
7.8495 7.8566 7.8566 7.8566 @16404
7.7505 7.7574 7.7575 7.7575 @17427
7.6496 7.6565 7.6565 7.6565 @18452
7.5597 7.5665 7.5665 7.5665 @19475
7.4568 7.4635 7.4635 7.4635 @20542
7.3557 7.3623 7.3623 7.3623 @21565
7.2913 7.2978 7.2978 7.2978 @22608
7.2003 7.2068 7.2068 7.2068 @23632
7.0944 7.1008 7.1008 7.1008 @24686
6.9946 7.0009 7.0009 7.0009 @25721
6.7954 6.8015 6.8016 6.8016 @26765
6.7048 6.7108 6.7108 6.7108 @27788
6.6496 6.6556 6.6556 6.6556 @28812
6.5840 6.5899 6.5899 6.5899 @29835
6.5275 6.5334 6.5334 6.5334 @30896
6.4847 6.4906 6.4906 6.4906 @31919
6.4194 6.4252 6.4252 6.4252 @32942
6.3307 6.3364 6.3364 6.3364 @33965
6.2467 6.2524 6.2524 6.2524 @34988
6.1731 6.1787 6.1787 6.1787 @36025
6.0973 6.1028 6.1028 6.1028 @37061
6.0318 6.0372 6.0372 6.0372 @38116
5.9753 5.9807 5.9807 5.9807 @39147
5.9039 5.9092 5.9092 5.9092 @40170
