3.2263 4.2663 5.1154 5.4554 @5777
3.1342 3.7105 4.1801 4.3681 @6801
3.2558 4.0076 4.6207 4.8662 @7824
3.2400 3.7896 4.2372 4.4164 @8852
3.2546 3.6438 3.9600 4.0867 @9980
3.3049 3.6383 3.9088 4.0172 @11003
3.3462 3.6471 3.8910 3.9887 @12026
3.3823 3.5555 3.6948 3.7505 @13049
3.4809 3.7250 3.9224 4.0014 @14072
3.5295 3.7355 3.9016 3.9681 @15138
3.6022 3.8462 4.0433 4.1223 @16161
3.6431 3.9008 4.1092 4.1926 @17185
3.6769 3.9000 4.0799 4.1520 @18209
3.7255 3.9219 4.0799 4.1432 @19232
3.7826 4.0017 4.1784 4.2491 @20304
3.8541 4.1086 4.3142 4.3965 @21327
3.8703 4.1237 4.3284 4.4103 @22350
3.8934 4.1881 4.4265 4.5220 @23373
3.8952 4.2006 4.4478 4.5468 @24401
3.8755 4.1891 4.4429 4.5446 @25472
3.8234 4.1133 4.3478 4.4417 @26495
3.7344 3.9773 4.1734 4.2520 @27756
3.7339 4.0161 4.2445 4.3359 @28779
3.7256 3.9702 4.1677 4.2468 @29802
3.7169 3.9667 4.1685 4.2493 @30825
3.7213 3.9827 4.1940 4.2786 @31848
3.7157 3.9829 4.1989 4.2854 @32892
3.7156 3.9550 4.1483 4.2257 @33946
3.7261 3.9651 4.1580 4.2353 @34971
3.7091 3.9292 4.1068 4.1779 @36022
3.7247 3.9391 4.1120 4.1812 @37046
3.7171 3.9247 4.0919 4.1589 @38100
3.7471 3.9974 4.1996 4.2806 @39131
3.7491 3.9912 4.1867 4.2649 @40177
3.7577 4.0048 4.2043 4.2842 @41200
3.7357 3.9758 4.1697 4.2473 @42255
3.6991 3.9362 4.1276 4.2042 @43279
3.6569 3.8767 4.0539 4.1249 @44331
3.6157 3.8400 4.0210 4.0935 @45356
3.6374 3.8990 4.1105 4.1952 @46407
3.6664 3.9274 4.1384 4.2229 @47433
3.6954 3.9782 4.2071 4.2988 @48486
3.7232 4.0078 4.2382 4.3304 @49511
3.7532 4.0689 4.3246 4.4270 @50563
3.8132 4.1664 4.4529 4.5675 @51587
3.8756 4.2577 4.5678 4.6920 @52641
3.9005 4.2901 4.6062 4.7328 @53666
3.9315 4.2982 4.5956 4.7146 @54719
3.9502 4.3237 4.6266 4.7479 @55743
3.9813 4.3696 4.6847 4.8108 @56792
4.0333 4.4424 4.7744 4.9073 @57816
4.0484 4.4587 4.7917 4.9250 @58871
4.0654 4.4718 4.8016 4.9336 @59896
4.0864 4.5100 4.8540 4.9917 @60947
4.1393 4.5817 4.9409 5.0848 @61970
4.2711 4.7536 5.1456 5.3025 @62993
4.3895 4.8932 5.3024 5.4663 @64016
4.5916 5.1389 5.5836 5.7617 @65040
4.7388 5.3135 5.7807 5.9677 @66063
4.8255 5.4227 5.9082 6.1025 @67086
4.8800 5.4899 5.9857 6.1842 @68109
4.9364 5.5462 6.0420 6.2404 @69158
4.9543 5.5542 6.0418 6.2371 @70182
4.9699 5.5719 6.0612 6.2571 @71205
4.9742 5.5763 6.0657 6.2617 @72228
4.9754 5.5777 6.0673 6.2633 @73251
4.9741 5.5765 6.0661 6.2621 @74274
4.9588 5.5597 6.0481 6.2436 @75297
4.9504 5.5512 6.0395 6.2350 @76320
4.9352 5.5340 6.0207 6.2156 @77343
4.9029 5.4970 5.9798 6.1731 @78390
4.8809 5.4711 5.9509 6.1430 @79415
4.8736 5.4629 5.9418 6.1335 @80468
4.9016 5.4933 5.9742 6.1667 @81497
