5.6493 5.6543 5.6543 5.6543 @5784
5.6059 5.6109 5.6109 5.6109 @6807
5.5431 5.5481 5.5481 5.5481 @7830
5.4482 5.4531 5.4531 5.4531 @8853
5.3567 5.3615 5.3615 5.3615 @10037
5.2631 5.2678 5.2678 5.2678 @11104
5.6763 7.1988 8.4413 8.9388 @12162
5.8185 7.8963 9.5934 10.2728 @13186
5.6955 7.6167 9.1857 9.8139 @14238
5.5426 7.2250 8.5986 9.1485 @15261
5.4382 7.0695 8.4013 8.9345 @16314
5.3210 6.8744 8.1425 8.6502 @17339
5.2538 6.8542 8.1609 8.6840 @18391
5.1180 6.4613 7.5574 7.9963 @19415
5.1096 6.5591 7.7423 8.2160 @20438
5.0352 6.3842 7.4850 7.9258 @21461
5.0585 6.6001 7.8588 8.3627 @22484
5.0210 6.5120 7.7292 8.2165 @23507
5.0564 6.6374 7.9282 8.4450 @24530
5.0093 6.5181 7.7499 8.2430 @25578
5.0077 6.6034 7.9064 8.4281 @26601
4.9563 6.5543 7.8592 8.3817 @27624
4.8793 6.4373 7.7094 8.2188 @28647
4.7947 6.3336 7.5902 8.0932 @29670
4.6242 6.2511 7.5799 8.1119 @31738
4.5326 6.0004 7.1989 7.6788 @32761
4.4975 5.9581 7.1508 7.6283 @33784
4.4480 5.8569 7.0073 7.4678 @34810
4.4104 5.7682 6.8768 7.3207 @35848
4.3827 5.7244 6.8198 7.2584 @36883
4.3574 5.7107 6.8157 7.2581 @37941
4.3393 5.6901 6.7930 7.2345 @38965
4.2992 5.5678 6.6034 7.0180 @40017
4.3050 5.6036 6.6639 7.0883 @41067
4.3025 5.5657 6.5968 7.0097 @42090
4.2975 5.5373 6.5494 6.9546 @43113
4.3211 5.6064 6.6558 7.0759 @44140
4.2395 5.3854 6.3205 6.6950 @50312
4.4612 5.7309 6.7673 7.1822 @51335
4.5610 5.8297 6.8652 7.2798 @52358
4.7324 6.0985 7.2137 7.6602 @53712
4.7698 6.0881 7.1642 7.5949 @54735
4.8257 6.1944 7.3116 7.7588 @55758
4.8329 6.1726 7.2661 7.7039 @56781
4.8464 6.2336 7.3661 7.8194 @57804
4.8122 6.1650 7.2693 7.7114 @58827
4.7849 6.1399 7.2460 7.6889 @59850
4.7822 6.1749 7.3118 7.7670 @60873
4.7650 6.1703 7.3175 7.7769 @61896
4.7184 6.0788 7.1893 7.6339 @62919
4.6573 5.9882 7.0745 7.5095 @63945
4.5865 5.8705 6.9186 7.3382 @64970
4.5177 5.7521 6.7596 7.1629 @66024
4.4639 5.6678 6.6503 7.0437 @67049
4.4161 5.6202 6.6030 6.9964 @68103
4.3726 5.5459 6.5034 6.8868 @69127
4.3472 5.5086 6.4564 6.8359 @70180
4.3279 5.5005 6.4575 6.8407 @71203
4.3054 5.4823 6.4429 6.8275 @72258
4.2770 5.4422 6.3931 6.7738 @73281
4.2508 5.4286 6.3898 6.7747 @74334
4.2203 5.3765 6.3202 6.6980 @75389
4.2370 5.4285 6.4010 6.7904 @76412
4.2240 5.4111 6.3801 6.7681 @77435
4.2279 5.4164 6.3864 6.7748 @78458
4.2831 5.4885 6.4723 6.8662 @79481
4.3353 5.5570 6.5542 6.9534 @80504
4.3590 5.5881 6.5914 6.9930 @81527
4.4034 5.6449 6.6583 7.0641 @82555
4.4330 5.6832 6.7037 7.1123 @83578
4.4504 5.7064 6.7317 7.1421 @84601
4.4392 5.6939 6.7181 7.1281 @85643
4.3736 5.6120 6.6228 7.0275 @86666
4.3009 5.5191 6.5134 6.9116 @87721
4.2425 5.4436 6.4240 6.8166 @88744
4.1714 5.3512 6.3143 6.6999 @89797
4.1097 5.2715 6.2198 6.5994 @90821
