3.3592 6.1220 8.3818 9.2866 @5785
3.4192 6.0998 8.2923 9.1701 @6808
3.2701 5.2496 6.8681 7.5161 @7831
3.2988 5.1868 6.7304 7.3484 @8854
3.3718 5.3747 7.0123 7.6679 @10004
3.2726 4.8450 6.1303 6.6448 @11027
3.2470 4.6535 5.8028 6.2630 @12050
3.2323 4.5731 5.6687 6.1073 @13073
3.2682 4.7179 5.9026 6.3769 @14096
3.2414 4.6767 5.8496 6.3192 @15180
3.2215 4.7006 5.9094 6.3933 @16203
3.2473 4.8692 6.1950 6.7258 @17226
3.1931 4.7672 6.0538 6.5689 @18249
3.1241 4.6641 5.9228 6.4268 @19272
3.0166 4.3994 5.5294 5.9818 @20398
2.9785 4.3579 5.4852 5.9365 @21422
2.9520 4.3323 5.4603 5.9119 @22446
2.9677 4.4168 5.6012 6.0754 @23469
2.9780 4.4823 5.7120 6.2043 @24521
2.9406 4.4261 5.6404 6.1266 @25574
2.8820 4.2537 5.3748 5.8236 @26598
2.8758 4.2514 5.3757 5.8258 @27621
2.8654 4.2834 5.4424 5.9065 @28748
2.8777 4.3506 5.5545 6.0365 @29771
2.8483 4.2313 5.3617 5.8143 @30801
2.8204 4.1743 5.2808 5.7238 @31824
2.7738 4.0858 5.1581 5.5874 @32847
2.7552 4.1114 5.2199 5.6638 @33884
2.7587 4.1390 5.2672 5.7189 @34909
2.7978 4.2575 5.4507 5.9284 @35981
2.7844 4.2240 5.4008 5.8720 @37004
2.8305 4.3250 5.5468 6.0359 @38037
2.9342 4.5646 5.8976 6.4312 @39068
3.0892 4.8586 6.3052 6.8843 @40091
3.1708 4.8627 6.2458 6.7996 @41165
3.2962 5.0245 6.4372 7.0028 @42188
3.3752 5.0741 6.4628 7.0188 @43211
3.4479 5.2011 6.6342 7.2080 @44234
3.5307 5.2884 6.7252 7.3004 @45259
3.5805 5.3334 6.7662 7.3399 @46285
3.6246 5.3731 6.8022 7.3743 @47308
3.7365 5.4362 6.8253 7.3815 @48716
3.7684 5.4655 6.8523 7.4076 @49739
3.7675 5.4611 6.8452 7.3993 @50762
3.7704 5.5012 6.9157 7.4820 @51785
3.8134 5.6402 7.1333 7.7311 @52808
3.8633 5.6109 7.0391 7.6109 @53831
3.9269 5.6985 7.1463 7.7260 @54854
3.9781 5.8007 7.2903 7.8867 @55877
3.9986 5.8153 7.3000 7.8944 @56940
4.0272 5.8405 7.3224 7.9157 @57965
4.0370 5.8595 7.3489 7.9452 @59020
4.0363 5.8408 7.3155 7.9059 @60044
4.0386 5.8208 7.2772 7.8603 @61095
4.0586 5.8452 7.3051 7.8896 @62148
4.0551 5.7865 7.2013 7.7678 @63173
4.0551 5.7356 7.1087 7.6584 @64224
4.0531 5.7414 7.1209 7.6732 @65249
4.0694 5.7346 7.0951 7.6398 @66272
4.1095 5.7895 7.1621 7.7116 @67295
4.1539 5.8169 7.1757 7.7197 @68318
4.2089 5.8881 7.2600 7.8093 @69341
4.2714 5.9564 7.3331 7.8843 @70364
4.3033 5.9629 7.3187 7.8615 @71387
4.3230 5.9537 7.2858 7.8191 @72410
5.3993 7.3959 9.0268 9.6798 @73673
6.0066 8.1406 9.8836 10.5814 @74696
6.1492 8.3551 10.1568 10.8782 @75719
6.1592 8.3308 10.1045 10.8147 @76742
6.0451 8.1929 9.9472 10.6496 @77765
5.8919 7.9939 9.7108 10.3982 @78788
5.7572 7.8197 9.5043 10.1788 @79811
5.6393 7.6398 9.2737 9.9279 @80834
5.4583 7.3946 8.9761 9.6093 @81857
5.2870 7.1936 8.7509 9.3744 @82880
5.0893 6.9173 8.4104 9.0082 @83903
4.8862 6.6306 8.0555 8.6260 @84926
4.7664 6.5163 7.9457 8.5179 @85949
4.6182 6.3092 7.6904 8.2435 @86972
