5.5217 8.6744 11.2519 12.2839 @5783
5.0574 6.8930 8.3923 8.9926 @6806
4.9750 6.6912 8.0929 8.6540 @7829
4.7258 5.8354 6.7405 7.1028 @8852
4.5944 5.4399 6.1288 6.4046 @9982
4.5096 5.3217 5.9834 6.2483 @11005
4.4439 5.1596 5.7424 5.9757 @12028
4.4169 5.1588 5.7630 6.0049 @13051
4.3928 5.1204 5.7130 5.9502 @14074
4.3874 5.1000 5.6802 5.9125 @15144
4.3698 5.0347 5.5760 5.7927 @16167
4.3525 4.9055 5.3551 5.5351 @17190
4.3947 5.0171 5.5235 5.7263 @18213
4.4290 5.0973 5.6413 5.8591 @19236
4.4477 5.1670 5.7528 5.9874 @20304
4.4537 5.2110 5.8279 6.0748 @21327
4.4009 5.0890 5.6493 5.8736 @22350
4.3476 5.0059 5.5417 5.7562 @23373
4.3016 4.9489 5.4758 5.6868 @24396
4.2476 4.8903 5.4135 5.6229 @25467
4.2186 4.8350 5.3366 5.5374 @26490
4.1864 4.7211 5.1557 5.3298 @27513
4.2145 4.7451 5.1765 5.3493 @28536
4.2256 4.7195 5.1207 5.2814 @29559
4.2339 4.7155 5.1068 5.2634 @30629
4.2176 4.7091 5.1085 5.2684 @31652
4.1854 4.6463 5.0207 5.1706 @32675
4.1712 4.7166 5.1602 5.3378 @33746
4.1646 4.7234 5.1778 5.3598 @34769
4.1772 4.7495 5.2149 5.4013 @35795
4.2027 4.7632 5.2191 5.4016 @36818
4.2134 4.8049 5.2861 5.4788 @37841
4.2113 4.8133 5.3032 5.4993 @38881
4.1982 4.7925 5.2760 5.4696 @39935
4.2126 4.8604 5.3877 5.5988 @40960
4.1906 4.8490 5.3851 5.5997 @41983
4.1813 4.8394 5.3753 5.5898 @43036
4.1845 4.8574 5.4053 5.6246 @44090
4.1756 4.8768 5.4480 5.6767 @45120
4.1608 4.8786 5.4632 5.6973 @46173
4.1251 4.8166 5.3798 5.6053 @47196
4.1409 4.8584 5.4428 5.6768 @48244
4.1322 4.8548 5.4434 5.6791 @49267
4.1145 4.8410 5.4329 5.6699 @50320
4.1008 4.8642 5.4862 5.7353 @51345
4.0942 4.8795 5.5196 5.7759 @52394
4.0652 4.8440 5.4787 5.7328 @53417
4.0587 4.8269 5.4529 5.7035 @54474
4.0400 4.8053 5.4290 5.6787 @55498
4.0403 4.7574 5.3416 5.5755 @56544
4.0655 4.8324 5.4573 5.7075 @57573
4.0833 4.8948 5.5562 5.8210 @58627
4.0616 4.8456 5.4847 5.7405 @59651
4.0351 4.8255 5.4697 5.7277 @60704
4.0021 4.7935 5.4386 5.6969 @61727
3.9919 4.7754 5.4140 5.6696 @62780
3.9995 4.7826 5.4209 5.6764 @63804
3.9789 4.7424 5.3646 5.6137 @64857
3.9689 4.7118 5.3172 5.5595 @65880
3.9449 4.6841 5.2865 5.5277 @66903
3.9106 4.6453 5.2440 5.4837 @67926
3.8899 4.6155 5.2068 5.4435 @68977
3.8612 4.5853 5.1753 5.4115 @70001
3.8861 4.6756 5.3192 5.5769 @71053
3.9079 4.6927 5.3325 5.5886 @72076
3.9399 4.7546 5.4188 5.6847 @73099
3.9244 4.7312 5.3890 5.6523 @74122
3.9030 4.6842 5.3211 5.5761 @75145
3.8884 4.6647 5.2975 5.5509 @76168
3.9066 4.7427 5.4245 5.6975 @77203
3.9018 4.7504 5.4425 5.7196 @78226
3.8709 4.7060 5.3870 5.6597 @79249
3.8462 4.6770 5.3545 5.6257 @80272
3.8059 4.6282 5.2988 5.5673 @81295
3.7546 4.5672 5.2297 5.4950 @82671
3.7405 4.5495 5.2092 5.4733 @83694
3.7160 4.5188 5.1734 5.4355 @84736
3.7014 4.4990 5.1494 5.4098 @85759
3.7010 4.4956 5.1436 5.4030 @86813
3.7066 4.5006 5.1480 5.4072 @87836
3.6925 4.4819 5.1255 5.3832 @88859
3.6745 4.4584 5.0976 5.3535 @89882
3.6626 4.4407 5.0752 5.3293 @91646
3.6992 4.4838 5.1237 5.3798 @92717
3.7161 4.5031 5.1448 5.4017 @93740
3.7290 4.5164 5.1584 5.4155 @94774
3.7629 4.5551 5.2009 5.4595 @95798
3.7890 4.5832 5.2308 5.4901 @96851
3.8206 4.6178 5.2677 5.5280 @97905
3.8567 4.6577 5.3108 5.5723 @98928
3.8897 4.6938 5.3494 5.6118 @99951
3.9076 4.7110 5.3661 5.6283 @100974
3.9009 4.6985 5.3487 5.6090 @101998
3.8867 4.6769 5.3211 5.5790 @103022
3.9037 4.6948 5.3398 5.5980 @104045
3.9581 4.7595 5.4129 5.6744 @105068
3.9686 4.7714 5.4259 5.6879 @106091
3.9866 4.7939 5.4521 5.7156 @107114
3.9976 4.8070 5.4668 5.7310 @108193
4.0454 4.8637 5.5307 5.7978 @109216
4.0560 4.8761 5.5446 5.8123 @110239
4.0542 4.8728 5.5402 5.8074 @111262
4.0488 4.8658 5.5318 5.7984 @112285
4.0406 4.8559 5.5205 5.7866 @113373
4.0117 4.8206 5.4800 5.7440 @114396
3.9723 4.7722 5.4243 5.6854 @115419
3.9922 4.7959 5.4511 5.7135 @116442
3.9990 4.8045 5.4612 5.7241 @117465
4.0190 4.8282 5.4878 5.7519 @118587
4.0684 4.8867 5.5538 5.8209 @119610
4.0752 4.8940 5.5615 5.8288 @120672
4.0952 4.9184 5.5894 5.8581 @121696
4.1008 4.9252 5.5972 5.8663 @122719
4.1379 4.9717 5.6514 5.9236 @123759
4.1692 5.0107 5.6967 5.9713 @124783
4.2021 5.0527 5.7462 6.0238 @125815
4.2055 5.0602 5.7570 6.0360 @126838
4.2272 5.0895 5.7925 6.0740 @127861
4.2390 5.1062 5.8133 6.0963 @128986
4.2308 5.0988 5.8064 6.0897 @130009
4.1999 5.0633 5.7672 6.0490 @131032
4.1761 5.0373 5.7394 6.0205 @132055
4.1395 4.9957 5.6937 5.9731 @133078
4.1112 4.9636 5.6585 5.9368 @134170
4.0843 4.9345 5.6276 5.9051 @135194
4.0402 4.8844 5.5727 5.8483 @136217
4.0249 4.8681 5.5555 5.8308 @137240
3.9908 4.8289 5.5124 5.7860 @138263
