5.1843 7.2424 8.9238 9.5970 @5783
5.3986 8.1411 10.3829 11.2804 @6806
5.2785 7.7975 9.8563 10.6806 @7829
4.9431 6.5148 7.7981 8.3119 @8852
4.7304 5.7115 6.5115 6.8317 @9997
4.8045 5.9698 6.9205 7.3011 @11020
4.7798 5.8834 6.7835 7.1439 @12043
4.7740 5.8670 6.7585 7.1155 @13066
4.7928 5.9976 6.9805 7.3741 @14089
4.7572 5.9093 6.8493 7.2256 @15174
4.6673 5.6722 6.4916 6.8197 @16197
4.6680 5.7545 6.6408 6.9956 @17220
4.6480 5.7131 6.5819 6.9297 @18243
4.5760 5.5325 6.3123 6.6246 @19266
4.5022 5.4193 6.1669 6.4662 @20352
4.4081 5.2470 5.9307 6.2044 @21375
4.3302 5.0357 5.6101 5.8401 @22398
4.3492 5.1666 5.8327 6.0993 @23421
4.3353 5.1221 5.7631 6.0198 @24444
4.3278 5.1390 5.8001 6.0648 @25530
4.3359 5.2302 5.9593 6.2512 @26553
4.3143 5.1396 5.8122 6.0815 @27576
4.2730 5.0411 5.6669 5.9175 @28599
4.2622 5.0370 5.6683 5.9210 @29622
4.2136 4.9525 5.5544 5.7955 @30740
4.2111 5.0065 5.6548 5.9143 @31763
4.1856 4.9541 5.5804 5.8312 @32786
4.1299 4.8727 5.4779 5.7201 @33809
4.1569 4.9917 5.6723 5.9447 @34832
4.1415 4.9518 5.6123 5.8767 @35918
4.1068 4.8779 5.5063 5.7578 @36980
4.0606 4.7928 5.3895 5.6283 @38037
4.0413 4.7409 5.3108 5.5390 @39068
4.0588 4.8277 5.4543 5.7052 @40114
4.0683 4.8741 5.5309 5.7939 @41157
4.0464 4.8207 5.4518 5.7045 @42191
4.0145 4.7666 5.3794 5.6248 @43214
4.0037 4.7427 5.3449 5.5860 @44267
4.0011 4.7761 5.4078 5.6608 @45291
4.0216 4.8879 5.5943 5.8771 @46338
4.0159 4.9153 5.6488 5.9425 @47366
3.9881 4.8877 5.6215 5.9152 @48421
3.9610 4.8903 5.6484 5.9519 @49444
4.0022 4.9993 5.8129 6.1387 @50497
4.0090 4.9710 5.7557 6.0699 @51520
4.0699 5.0594 5.8667 6.1899 @52574
4.1142 5.1210 5.9423 6.2712 @53597
4.1453 5.1802 6.0245 6.3626 @54650
4.1791 5.2578 6.1380 6.4905 @55674
4.3220 5.5535 6.5587 6.9611 @56720
4.3765 5.5786 6.5598 6.9526 @57749
4.4920 5.7845 6.8396 7.2620 @58803
4.5741 5.9248 7.0274 7.4688 @59827
4.6266 6.0211 7.1595 7.6153 @60879
4.6799 6.1138 7.2845 7.7532 @61902
4.6905 6.0984 7.2479 7.7082 @62956
4.6852 6.0551 7.1734 7.6212 @63980
4.6964 6.0730 7.1967 7.6466 @65033
4.6897 6.0663 7.1901 7.6400 @66087
4.6513 6.0050 7.1101 7.5525 @67110
4.5970 5.9374 7.0315 7.4696 @68164
4.5589 5.8947 6.9851 7.4217 @69188
4.5068 5.8128 6.8789 7.3058 @70237
4.4613 5.7366 6.7775 7.1943 @71261
4.4350 5.6845 6.7043 7.1127 @72284
4.4059 5.6644 6.6917 7.1030 @73307
4.3722 5.5899 6.5839 6.9818 @74330
4.3305 5.5407 6.5285 6.9239 @75353
4.2646 5.4385 6.3965 6.7801 @76376
4.2214 5.3939 6.3509 6.7341 @77456
4.1723 5.3309 6.2766 6.6552 @78479
4.1156 5.2581 6.1905 6.5638 @79502
4.0723 5.2018 6.1238 6.4929 @80525
4.0592 5.1851 6.1041 6.4720 @81549
4.0830 5.2154 6.1397 6.5098 @82578
4.1192 5.2659 6.2018 6.5765 @83601
4.1200 5.2704 6.2094 6.5853 @84624
4.1159 5.2705 6.2129 6.5902 @85647
4.1010 5.2558 6.1984 6.5758 @86670
4.0670 5.2165 6.1548 6.5305 @87773
4.0342 5.1817 6.1184 6.4934 @89637
4.0360 5.1871 6.1268 6.5030 @90660
4.0412 5.1970 6.1405 6.5182 @91683
4.0301 5.1852 6.1281 6.5056 @92706
4.0186 5.1727 6.1149 6.4921 @93729
4.0388 5.2027 6.1529 6.5333 @94752
4.0714 5.2484 6.2091 6.5937 @95775
4.0950 5.2821 6.2511 6.6391 @96798
4.0861 5.2743 6.2443 6.6326 @97821
4.0634 5.2489 6.2167 6.6041 @98844
4.0425 5.2261 6.1923 6.5791 @99867
4.0293 5.2126 6.1785 6.5653 @100890
3.9908 5.1658 6.1249 6.5089 @101913
3.9580 5.1271 6.0815 6.4637 @102936
3.9423 5.1102 6.0636 6.4453 @103959
3.9156 5.0788 6.0284 6.4085 @104982
3.8985 5.0584 6.0054 6.3845 @106005
3.8907 5.0521 6.0003 6.3799 @107028
3.9087 5.0793 6.0349 6.4175 @108051
3.9217 5.0984 6.0591 6.4437 @109074
3.9379 5.1235 6.0914 6.4790 @110097
3.9505 5.1457 6.1215 6.5122 @111126
3.9405 5.1383 6.1163 6.5078 @112149
3.9120 5.1063 6.0814 6.4718 @113172
3.8758 5.0650 6.0359 6.4246 @114195
3.8461 5.0325 6.0011 6.3889 @115218
3.8028 4.9815 5.9439 6.3292 @116241
3.7741 4.9487 5.9078 6.2917 @117264
3.7574 4.9308 5.8890 6.2726 @118287
3.7191 4.8843 5.8356 6.2165 @119310
3.6829 4.8406 5.7859 6.1644 @120333
3.6491 4.8012 5.7419 6.1185 @121376
3.6237 4.7729 5.7113 6.0870 @122401
3.5863 4.7290 5.6622 6.0357 @123456
3.5587 4.6984 5.6290 6.0016 @124479
3.5394 4.6789 5.6094 5.9820 @125532
3.5395 4.6849 5.6203 5.9948 @126556
3.7991 5.0396 6.0526 6.4582 @127609
3.8482 5.1099 6.1402 6.5526 @128633
3.9131 5.2004 6.2516 6.6725 @129656
3.9813 5.2938 6.3657 6.7948 @130679
4.0664 5.4079 6.5035 6.9421 @131729
4.1330 5.4976 6.6120 7.0582 @132784
4.1712 5.5496 6.6752 7.1258 @133807
4.1735 5.5543 6.6819 7.1334 @134830
4.1659 5.5464 6.6738 7.1252 @135853
4.1948 5.5876 6.7250 7.1804 @136876
4.2086 5.6093 6.7531 7.2110 @137899
4.2095 5.6128 6.7588 7.2176 @138922
4.1872 5.5847 6.7259 7.1829 @139946
4.1715 5.5641 6.7013 7.1566 @140969
4.1235 5.5003 6.6246 7.0748 @141992
4.0816 5.4442 6.5570 7.0025 @143015
4.0200 5.3632 6.4601 6.8992 @144038
3.9491 5.2694 6.3477 6.7794 @145061
3.8647 5.1572 6.2127 6.6353 @146084
3.7959 5.0652 6.1017 6.5167 @147126
3.7086 4.9484 5.9609 6.3663 @148149
3.6327 4.8470 5.8387 6.2357 @149172
