7.5507 11.5248 14.7734 16.0741 @5779
7.7283 12.2616 15.9681 17.4521 @6802
7.3745 10.9077 13.7954 14.9515 @7825
7.2160 10.3297 12.8740 13.8927 @8848
7.0919 9.9817 12.3427 13.2880 @9996
7.0239 9.8981 12.2465 13.1867 @11063
6.8142 9.2496 11.2388 12.0352 @12088
6.7543 9.1985 11.1949 11.9942 @13111
6.7567 9.4065 11.5713 12.4380 @14164
6.6535 9.2413 11.3554 12.2018 @15212
6.5492 9.1494 11.2737 12.1242 @16244
6.3844 8.7665 10.7123 11.4914 @17267
6.3559 8.9319 11.0367 11.8793 @18319
6.2595 8.8154 10.9037 11.7398 @19344
6.1231 8.5981 10.6203 11.4299 @20377
5.9453 8.2072 10.0550 10.7948 @21400
5.8779 8.1868 10.0732 10.8284 @22442
5.7506 7.8927 9.6425 10.3431 @23465
5.7781 8.1304 10.0523 10.8218 @24518
5.6608 7.7877 9.5251 10.2207 @25543
5.5628 7.5107 9.1016 9.7386 @26595
5.5172 7.4700 9.0650 9.7035 @27619
5.4689 7.4182 9.0104 9.6479 @28642
5.3861 7.1729 8.6320 9.2163 @29665
5.3164 7.0411 8.4494 9.0132 @30704
5.3536 7.1996 8.7072 9.3108 @31727
5.4665 7.4489 9.0681 9.7164 @32762
5.4916 7.4416 9.0343 9.6720 @33786
5.5495 7.5455 9.1759 9.8286 @34809
5.5902 7.5109 9.0795 9.7075 @35872
5.6560 7.5591 9.1133 9.7356 @36895
5.6852 7.5497 9.0723 9.6819 @37939
5.6929 7.5633 9.0908 9.7023 @38963
5.6640 7.4829 8.9682 9.5628 @39986
5.6390 7.4793 8.9821 9.5837 @41038
5.6669 7.5996 9.1781 9.8101 @42061
5.6686 7.6097 9.1951 9.8298 @43089
5.7387 7.7555 9.4027 10.0622 @44112
5.7928 7.8264 9.4874 10.1524 @45135
5.8152 7.8496 9.5112 10.1765 @46204
5.8056 7.7392 9.3183 9.9505 @47227
5.8111 7.7578 9.3475 9.9840 @48250
5.8090 7.7476 9.3307 9.9646 @49273
5.7551 7.6514 9.1999 9.8199 @50296
5.7320 7.6746 9.2612 9.8963 @51320
5.6656 7.5688 9.1231 9.7453 @52343
5.6494 7.5637 9.1270 9.7530 @53368
5.6362 7.5739 9.1564 9.7901 @54391
5.5888 7.4296 8.9329 9.5348 @55414
5.5734 7.4369 8.9587 9.5680 @56484
5.5319 7.3378 8.8125 9.4029 @57507
5.4894 7.2682 8.7207 9.3022 @58530
5.4711 7.2535 8.7090 9.2917 @59553
5.4342 7.2318 8.6998 9.2875 @60576
5.4038 7.2040 8.6741 9.2627 @61650
5.3654 7.0988 8.5143 9.0810 @62673
5.3476 7.0802 8.4950 9.0614 @63696
5.4063 7.1623 8.5961 9.1702 @64719
5.4823 7.2656 8.7219 9.3049 @65745
5.5077 7.3004 8.7643 9.3504 @66822
5.5187 7.3185 8.7882 9.3766 @67846
5.5419 7.3510 8.8283 9.4198 @68869
5.5368 7.3443 8.8203 9.4112 @69892
5.5342 7.3403 8.8151 9.4055 @70922
5.5275 7.3300 8.8019 9.3912 @71992
5.5112 7.3070 8.7735 9.3606 @73015
5.5061 7.2983 8.7617 9.3476 @74038
5.5100 7.3001 8.7619 9.3471 @75077
5.4834 7.2618 8.7140 9.2954 @76101
5.4257 7.1818 8.6158 9.1899 @77153
5.3878 7.1273 8.5477 9.1164 @78176
5.3726 7.1024 8.5150 9.0805 @79231
5.3759 7.1013 8.5101 9.0742 @80284
5.3624 7.0773 8.4777 9.0383 @81309
5.3805 7.0967 8.4980 9.0590 @82374
5.3857 7.0995 8.4989 9.0592 @83397
5.3681 7.0741 8.4671 9.0248 @84439
5.3626 7.0621 8.4498 9.0054 @85462
5.3291 7.0122 8.3864 8.9366 @86485
5.2989 6.9662 8.3275 8.8725 @87558
5.2717 6.9238 8.2727 8.8128 @88581
5.2668 6.9127 8.2566 8.7947 @89604
5.2416 6.8751 8.2089 8.7429 @90627
5.2680 6.9058 8.2431 8.7786 @91650
5.3332 6.9918 8.3461 8.8883 @92722
5.3967 7.0774 8.4496 8.9990 @93746
5.4454 7.1445 8.5319 9.0873 @94769
5.4882 7.2056 8.6079 9.1694 @95792
5.5127 7.2429 8.6556 9.2212 @96815
5.5089 7.2413 8.6558 9.2221 @97851
5.5141 7.2509 8.6690 9.2368 @98875
5.4633 7.1867 8.5939 9.1573 @99900
5.4004 7.1095 8.5051 9.0638 @100954
5.3334 7.0255 8.4071 8.9603 @101979
5.2705 6.9467 8.3154 8.8634 @103020
5.2052 6.8649 8.2201 8.7626 @104053
5.1134 6.7483 8.0833 8.6178 @105110
5.0707 6.6965 8.0241 8.5556 @106134
5.0257 6.6468 7.9706 8.5006 @107157
5.0401 6.6722 8.0050 8.5385 @108198
5.0641 6.7068 8.0482 8.5853 @109229
5.0457 6.6845 8.0228 8.5586 @110252
5.0620 6.7056 8.0476 8.5850 @111307
5.0373 6.6718 8.0066 8.5409 @112332
4.9993 6.6182 7.9401 8.4694 @113632
4.9621 6.5663 7.8762 8.4006 @114687
4.9139 6.5000 7.7951 8.3136 @115718
4.8633 6.4292 7.7079 8.2198 @116764
4.8254 6.3782 7.6461 8.1538 @117789
4.8033 6.3477 7.6088 8.1137 @118812
4.7814 6.3161 7.5693 8.0711 @119835
4.7664 6.2939 7.5411 8.0405 @120886
4.7575 6.2801 7.5234 8.0211 @121911
4.7532 6.2717 7.5117 8.0082 @122963
4.7533 6.2708 7.5099 8.0060 @123988
4.7561 6.2721 7.5099 8.0055 @125041
4.7746 6.2956 7.5375 8.0347 @126065
4.8047 6.3326 7.5803 8.0798 @127119
4.8127 6.3411 7.5890 8.0887 @128143
4.8526 6.3893 7.6440 8.1464 @129193
4.9001 6.4491 7.7139 8.2202 @130217
4.9206 6.4721 7.7388 8.2460 @131240
4.9576 6.5168 7.7900 8.2997 @132263
4.9630 6.5201 7.7915 8.3005 @133286
4.9616 6.5139 7.7813 8.2887 @134309
4.9794 6.5305 7.7969 8.3039 @135332
4.9999 6.5487 7.8134 8.3197 @136355
5.0166 6.5626 7.8249 8.3303 @137378
5.0301 6.5724 7.8316 8.3357 @138401
5.0602 6.6050 7.8663 8.3713 @139424
5.0913 6.6417 7.9074 8.4142 @140447
5.0968 6.6447 7.9085 8.4145 @141470
5.0753 6.6124 7.8674 8.3699 @142496
5.0640 6.5947 7.8445 8.3448 @143519
5.0421 6.5640 7.8065 8.3040 @144542
5.0112 6.5203 7.7523 8.2455 @145565
5.0483 6.5677 7.8081 8.3048 @146588
5.0746 6.6025 7.8498 8.3492 @147611
5.1525 6.7043 7.9713 8.4785 @148634
5.2408 6.8226 8.1141 8.6311 @149705
5.2854 6.8839 8.1891 8.7116 @150728
5.2938 6.8973 8.2065 8.7307 @151760
5.2734 6.8742 8.1812 8.7044 @152816
5.2560 6.8577 8.1655 8.6890 @153840
5.2332 6.8325 8.1382 8.6610 @154882
5.1874 6.7754 8.0719 8.5909 @155905
5.1302 6.7031 7.9873 8.5014 @156928
5.0905 6.6566 7.9353 8.4472 @157951
5.0528 6.6144 7.8894 8.3999 @158974
5.0230 6.5832 7.8570 8.3670 @160067
5.0077 6.5751 7.8549 8.3673 @161090
5.0152 6.5958 7.8863 8.4030 @162113
5.0285 6.6227 7.9243 8.4455 @163136
5.0278 6.6314 7.9408 8.4650 @164159
5.0285 6.6422 7.9599 8.4874 @165479
5.0169 6.6350 7.9563 8.4854 @166502
4.9962 6.6162 7.9390 8.4687 @167525
4.9558 6.5719 7.8917 8.4200 @168548
4.9282 6.5478 7.8704 8.4000 @169571
4.9235 6.5443 7.8679 8.3978 @170660
4.9533 6.5865 7.9202 8.4542 @171683
4.9788 6.6220 7.9639 8.5012 @172706
5.0751 6.7550 8.1268 8.6761 @174570
5.1318 6.8339 8.2238 8.7803 @175631
5.2226 6.9586 8.3763 8.9439 @176658
5.2692 7.0234 8.4559 9.0294 @177711
5.3053 7.0732 8.5169 9.0949 @178736
5.3445 7.1249 8.5789 9.1610 @179788
5.3570 7.1505 8.6151 9.2016 @185456
5.3085 7.0888 8.5427 9.1248 @186479
5.2668 7.0344 8.4779 9.0559 @187502
5.2118 6.9607 8.3890 8.9609 @188525
5.0828 6.7881 8.1808 8.7384 @189548
4.9975 6.6734 8.0420 8.5899 @190628
4.9356 6.5888 7.9389 8.4794 @191703
4.8806 6.5137 7.8474 8.3813 @192760
4.8191 6.4296 7.7448 8.2713 @193784
4.7838 6.3779 7.6798 8.2010 @194837
4.7396 6.3163 7.6039 8.1195 @195860
4.7015 6.2643 7.5407 8.0516 @196884
4.6938 6.2531 7.5266 8.0364 @197907
4.7045 6.2671 7.5432 8.0541 @198930
4.7039 6.2646 7.5391 8.0493 @199953
4.7074 6.2676 7.5417 8.0518 @200986
4.7080 6.2680 7.5420 8.0520 @202009
4.7446 6.3170 7.6011 8.1152 @203032
4.7973 6.3883 7.6876 8.2078 @204055
4.8565 6.4701 7.7879 8.3155 @205091
4.9201 6.5582 7.8959 8.4315 @206157
4.9745 6.6365 7.9937 8.5371 @207180
5.0014 6.6783 8.0478 8.5961 @208203
5.0181 6.7064 8.0852 8.6372 @209227
5.0259 6.7207 8.1048 8.6589 @210250
5.0459 6.7508 8.1431 8.7005 @211334
5.0745 6.7888 8.1888 8.7494 @212391
5.0979 6.8193 8.2251 8.7880 @213447
4.9748 6.6527 8.0230 8.5717 @218846
5.0374 6.7349 8.1212 8.6762 @219869
5.0893 6.8036 8.2036 8.7642 @220892
5.1553 6.8910 8.3084 8.8759 @221918
5.1824 6.9256 8.3491 8.9191 @222941
5.1973 6.9441 8.3706 8.9418 @224016
5.1954 6.9398 8.3644 8.9347 @225039
5.1864 6.9256 8.3460 8.9147 @226062
5.1785 6.9137 8.3309 8.8982 @227085
5.1588 6.8869 8.2982 8.8633 @228108
5.1603 6.8851 8.2937 8.8577 @229189
5.1609 6.8828 8.2890 8.8520 @230212
5.1477 6.8618 8.2616 8.8220 @231235
5.1622 6.8782 8.2796 8.8407 @232258
5.1481 6.8580 8.2544 8.8135 @233281
5.1424 6.8489 8.2424 8.8003 @234395
5.1036 6.7942 8.1749 8.7276 @235462
5.0988 6.7857 8.1632 8.7148 @236518
5.0944 6.7765 8.1502 8.7002 @237543
5.0656 6.7361 8.1002 8.6464 @238596
5.0568 6.7265 8.0900 8.6359 @239626
5.0377 6.7038 8.0644 8.6091 @240674
5.0365 6.7070 8.0712 8.6174 @241698
5.0109 6.6771 8.0378 8.5825 @242750
4.9593 6.6121 7.9619 8.5023 @243775
4.8995 6.5349 7.8704 8.4051 @244821
4.8593 6.4824 7.8079 8.3386 @245849
4.8747 6.5065 7.8391 8.3726 @246903
4.8768 6.5118 7.8471 8.3817 @247958
4.8557 6.4872 7.8196 8.3530 @248983
4.9269 6.5841 7.9376 8.4794 @250029
5.0321 6.7222 8.1024 8.6550 @251057
5.1215 6.8391 8.2418 8.8034 @252111
5.2120 6.9574 8.3829 8.9535 @253142
5.2902 7.0585 8.5026 9.0808 @254165
5.3324 7.1121 8.5654 9.1473 @255189
5.3507 7.1319 8.5864 9.1688 @256212
5.3627 7.1431 8.5971 9.1792 @257235
5.3699 7.1490 8.6018 9.1835 @258261
5.3725 7.1479 8.5978 9.1783 @259284
5.3462 7.1088 8.5481 9.1244 @260356
5.3214 7.0700 8.4978 9.0695 @261379
5.2792 7.0068 8.4176 8.9824 @262402
5.2521 6.9539 8.3436 8.9000 @263425
5.2910 6.9939 8.3845 8.9412 @264448
