6.9392 11.0083 14.3353 15.6673 @5787
6.3123 8.7295 10.7041 11.4947 @6810
6.2800 8.8605 10.9689 11.8131 @7833
6.0012 8.0206 9.6697 10.3299 @8862
5.8817 7.8830 9.5174 10.1717 @10002
5.7107 7.5953 9.1342 9.7504 @11025
5.4297 6.8180 7.9509 8.4045 @12048
5.3730 6.9477 8.2332 8.7479 @13071
5.1868 6.5968 7.7476 8.2083 @14094
5.0163 6.3800 7.4929 7.9385 @15180
4.9993 6.6426 7.9845 8.5218 @16203
4.8787 6.5057 7.8343 8.3663 @17226
4.6666 6.0115 7.1093 7.5488 @18249
4.5756 5.9987 7.1608 7.6260 @19272
4.3978 5.5873 6.5580 6.9467 @20365
4.2489 5.3223 6.1982 6.5488 @21388
4.0968 5.0639 5.8528 6.1686 @22411
3.9250 4.6864 5.3070 5.5555 @23437
3.8093 4.5532 5.1596 5.4024 @24460
3.6652 4.2805 4.7816 4.9822 @25547
3.5647 4.0574 4.4582 4.6187 @26570
3.4933 3.9170 4.2613 4.3992 @27593
3.4666 3.9454 4.3349 4.4908 @28616
3.3940 3.8628 4.2441 4.3968 @29639
3.3179 3.7551 4.1106 4.2529 @30721
3.2435 3.6567 3.9927 4.1272 @31744
3.2766 3.6986 4.0417 4.1791 @32767
3.5207 4.0422 4.4667 4.6367 @33790
3.7060 4.2234 4.6443 4.8129 @34813
4.0035 4.5136 4.9283 5.0944 @35902
4.3782 4.9899 5.4875 5.6867 @36925
4.6894 5.2670 5.7365 5.9245 @37948
4.9408 5.5063 5.9656 6.1496 @38971
5.1809 5.8104 6.3220 6.5268 @40019
5.3583 6.0467 6.6065 6.8306 @41079
5.5350 6.2644 6.8576 7.0951 @42102
5.7288 6.4696 7.0719 7.3131 @43125
5.8925 6.5863 7.1500 7.3757 @44148
6.0412 6.7102 7.2536 7.4711 @45171
6.1781 6.8704 7.4328 7.6579 @46259
6.2891 6.9391 7.4668 7.6781 @47282
6.3770 6.9987 7.5030 7.7049 @48305
6.4540 7.0851 7.5972 7.8022 @49328
6.5426 7.2615 7.8454 8.0792 @50354
6.5878 7.3330 7.9385 8.1808 @51435
6.5853 7.3218 7.9201 8.1596 @52459
6.6280 7.4451 8.1093 8.3752 @53482
6.5955 7.3800 8.0176 8.2728 @54505
6.5796 7.3546 7.9844 8.2365 @55528
6.5611 7.3312 7.9570 8.2076 @56612
6.5667 7.3799 8.0409 8.3056 @57635
6.5923 7.4713 8.1862 8.4724 @58658
6.5922 7.5148 8.2654 8.5659 @59681
6.5447 7.4824 8.2455 8.5510 @60704
6.5194 7.4724 8.2480 8.5585 @61831
6.4680 7.4245 8.2030 8.5147 @62854
6.4126 7.3614 8.1335 8.4427 @63877
6.3516 7.2921 8.0575 8.3640 @64900
6.3044 7.2390 7.9996 8.3042 @65923
6.2764 7.2120 7.9734 8.2783 @67034
6.2392 7.1746 7.9360 8.2409 @68057
6.2012 7.1377 7.8999 8.2051 @69081
6.1451 7.0807 7.8423 8.1472 @70104
6.1044 7.0411 7.8036 8.1089 @71127
6.0595 6.9988 7.7636 8.0697 @72214
5.9935 6.9330 7.6980 8.0042 @73237
5.9343 6.8743 7.6397 7.9461 @74262
5.8576 6.7949 7.5581 7.8637 @75285
5.7733 6.7062 7.4659 7.7700 @76336
5.6838 6.6108 7.3658 7.6680 @77392
5.6197 6.5413 7.2919 7.5923 @78415
5.5542 6.4705 7.2168 7.5156 @79443
5.5186 6.4364 7.1839 7.4831 @80466
5.5424 6.4687 7.2232 7.5252 @81489
5.5675 6.5048 7.2683 7.5739 @82579
5.5989 6.5520 7.3284 7.6393 @83676
5.6022 6.5596 7.3395 7.6517 @84699
5.6150 6.5772 7.3609 7.6747 @85722
5.6415 6.6101 7.3992 7.7151 @86745
5.7341 6.7234 7.5293 7.8519 @87816
5.8181 6.8256 7.6464 7.9750 @88839
5.8888 6.9136 7.7484 8.0826 @89862
5.9546 6.9975 7.8472 8.1873 @90885
6.0090 7.0681 7.9310 8.2764 @91908
6.0787 7.1590 8.0392 8.3916 @92960
6.1301 7.2306 8.1273 8.4863 @93983
6.1772 7.2959 8.2074 8.5724 @95006
6.1900 7.3195 8.2398 8.6083 @96029
6.2242 7.3696 8.3030 8.6767 @97055
6.2322 7.3877 8.3293 8.7063 @98150
6.2365 7.3985 8.3454 8.7245 @99173
6.2507 7.4263 8.3843 8.7679 @100652
6.2521 7.4307 8.3912 8.7757 @101676
6.2573 7.4390 8.4021 8.7877 @102728
6.2597 7.4440 8.4091 8.7956 @103752
6.2716 7.4596 8.4278 8.8154 @104807
6.2866 7.4822 8.4566 8.8467 @105831
6.3326 7.5403 8.5245 8.9186 @106884
6.3488 7.5616 8.5501 8.9459 @107909
6.3650 7.5821 8.5741 8.9712 @108958
6.3752 7.5953 8.5898 8.9879 @109983
6.3806 7.6037 8.6005 8.9996 @111038
6.4051 7.6314 8.6308 9.0309 @112062
6.3976 7.6218 8.6195 9.0190 @113115
6.4123 7.6387 8.6383 9.0384 @114138
6.4027 7.6269 8.6246 9.0241 @115192
6.3911 7.6120 8.6070 9.0053 @116215
6.3669 7.5833 8.5748 8.9717 @117238
6.3677 7.5825 8.5726 8.9690 @118261
6.3592 7.5704 8.5576 8.9528 @119284
6.3868 7.6050 8.5978 8.9953 @120307
6.4430 7.6752 8.6794 9.0815 @121356
6.4900 7.7315 8.7433 9.1484 @122380
6.5119 7.7583 8.7741 9.1808 @123433
6.5672 7.8238 8.8479 9.2579 @124456
6.5765 7.8340 8.8589 9.2692 @125509
6.5600 7.8112 8.8310 9.2393 @126533
6.5413 7.7858 8.8001 9.2061 @127586
6.5273 7.7676 8.7784 9.1831 @128610
6.5329 7.7765 8.7901 9.1959 @129659
6.5802 7.8321 8.8523 9.2608 @130716
6.6373 7.8982 8.9258 9.3373 @131741
6.6537 7.9168 8.9462 9.3584 @132764
6.6548 7.9168 8.9454 9.3572 @133787
6.7221 7.9945 9.0315 9.4467 @134810
6.7949 8.0812 9.1295 9.5492 @135833
6.8826 8.1846 9.2457 9.6705 @136856
6.9328 8.2422 9.3094 9.7366 @137879
6.9775 8.2957 9.3700 9.8001 @138902
7.0466 8.3769 9.4611 9.8952 @139925
7.0933 8.4332 9.5252 9.9624 @140948
7.1212 8.4683 9.5662 10.0057 @141971
7.1394 8.4922 9.5947 10.0361 @142994
7.1561 8.5153 9.6230 10.0665 @144017
7.1778 8.5464 9.6617 10.1083 @145040
7.1793 8.5559 9.6778 10.1269 @146063
7.1941 8.5808 9.7110 10.1636 @147086
7.2007 8.5938 9.7294 10.1840 @148109
7.1953 8.5935 9.7331 10.1894 @149141
7.1561 8.5535 9.6926 10.1486 @150166
7.1322 8.5320 9.6729 10.1297 @151190
7.0912 8.4915 9.6329 10.0899 @152213
7.0180 8.4123 9.5489 10.0039 @153236
6.9549 8.3423 9.4733 9.9261 @154259
6.9027 8.2886 9.4183 9.8706 @155294
6.8412 8.2253 9.3536 9.8053 @156329
6.8202 8.2080 9.3394 9.7924 @157353
6.7711 8.1542 9.2817 9.7331 @158408
6.7005 8.0743 9.1942 9.6426 @159463
6.6131 7.9740 9.0835 9.5277 @160536
6.5283 7.8819 8.9855 9.4274 @161559
6.4667 7.8126 8.9099 9.3493 @162582
6.4198 7.7617 8.8558 9.2939 @163616
6.3662 7.7011 8.7895 9.2252 @164646
6.3266 7.6576 8.7428 9.1773 @165680
6.3168 7.6491 8.7355 9.1704 @166714
6.2877 7.6150 8.6972 9.1305 @167771
6.2322 7.5495 8.6235 9.0535 @168795
6.1434 7.4441 8.5045 8.9291 @169844
6.0525 7.3345 8.3798 8.7984 @170869
5.9485 7.2079 8.2348 8.6460 @171923
5.8351 7.0697 8.0762 8.4793 @172948
5.7278 6.9392 7.9269 8.3224 @174002
5.5956 6.7778 7.7418 8.1277 @175026
5.4635 6.6183 7.5598 7.9368 @176061
5.3641 6.5011 7.4282 7.7994 @177099
5.2605 6.3784 7.2900 7.6549 @178157
5.1665 6.2662 7.1629 7.5219 @179181
5.0813 6.1637 7.0463 7.3996 @180233
4.9736 6.0337 6.8981 7.2441 @181260
4.8984 5.9447 6.7978 7.1394 @182307
4.8006 5.8273 6.6646 6.9998 @183332
4.6854 5.6883 6.5060 6.8334 @184387
4.5876 5.5689 6.3690 6.6894 @185411
4.5114 5.4758 6.2621 6.5769 @186450
4.4352 5.3828 6.1556 6.4649 @187483
4.2632 5.1729 5.9147 6.2116 @188541
4.2077 5.1055 5.8375 6.1306 @189564
4.1997 5.0948 5.8247 6.1169 @190617
4.1633 5.0496 5.7722 6.0615 @191687
4.1169 4.9930 5.7074 5.9934 @192710
4.0746 4.9406 5.6468 5.9296 @193749
4.0359 4.8922 5.5905 5.8700 @194773
4.0130 4.8627 5.5556 5.8330 @195825
4.0027 4.8473 5.5361 5.8118 @196889
4.0095 4.8542 5.5429 5.8186 @197912
3.9812 4.8190 5.5021 5.7756 @198935
3.9666 4.7988 5.4772 5.7489 @199979
3.9518 4.7786 5.4528 5.7227 @201002
3.9856 4.8175 5.4958 5.7674 @202069
3.9790 4.8074 5.4828 5.7532 @203095
3.9642 4.7870 5.4579 5.7265 @204118
3.9611 4.7806 5.4487 5.7162 @205141
3.9551 4.7698 5.4341 5.7000 @206164
3.9846 4.8047 5.4733 5.7410 @207218
3.9747 4.7921 5.4585 5.7253 @208241
3.9514 4.7637 5.4260 5.6911 @209264
3.9296 4.7369 5.3952 5.6587 @210287
3.8908 4.6898 5.3412 5.6021 @211310
3.7530 4.5218 5.1486 5.3996 @212504
3.6571 4.4053 5.0153 5.2595 @213527
3.5913 4.3246 4.9225 5.1618 @214550
3.5021 4.2159 4.7977 5.0307 @215573
3.4009 4.0927 4.6567 4.8826 @216596
3.3759 4.0615 4.6204 4.8442 @217621
3.3409 4.0187 4.5713 4.7926 @218644
3.3173 3.9902 4.5388 4.7585 @219667
3.3015 3.9710 4.5168 4.7354 @220690
3.3167 3.9894 4.5379 4.7575 @221713
3.3381 4.0142 4.5654 4.7861 @222809
3.3704 4.0514 4.6065 4.8288 @223832
3.3872 4.0700 4.6266 4.8495 @224855
3.3913 4.0739 4.6304 4.8532 @225878
3.3973 4.0804 4.6372 4.8601 @226901
