6.9141 16.1176 23.6488 26.6641 @5798
4.8862 8.0138 10.5712 11.5951 @6855
4.4738 6.4742 8.1090 8.7635 @7912
4.2222 5.5572 6.6473 7.0837 @8943
4.0598 4.9587 5.6918 5.9853 @10080
4.1261 5.0854 5.8679 6.1812 @11106
4.3770 5.3055 6.0625 6.3656 @12825
4.4998 5.3900 6.1156 6.4062 @13848
4.5829 5.4734 6.1993 6.4899 @14871
4.6933 5.6448 6.4206 6.7312 @15906
4.7871 5.6456 6.3450 6.6251 @16930
4.8684 5.6346 6.2584 6.5082 @17983
5.0224 5.8812 6.5808 6.8609 @19013
5.1828 6.0971 6.8419 7.1401 @20061
5.3332 6.3401 7.1607 7.4893 @21084
5.4033 6.3758 7.1682 7.4854 @22136
5.4854 6.4890 7.3068 7.6342 @23160
5.7143 6.8605 7.7949 8.1690 @24786
