50.4106216 21.7319660 160.0000000 260419152230593 @107167
50.4106216 21.7319698 159.5000000 260419152230796 @107292
50.4106216 21.7319698 159.5000000 260419152230796 @107368
50.4106216 21.7319698 159.8000031 260419152231000 @107492
50.4106216 21.7319698 159.8000031 260419152231000 @107623
50.4106216 21.7319736 159.3000031 260419152231203 @107695
50.4106216 21.7319736 159.3000031 260419152231203 @107770
50.4106216 21.7319775 159.1999969 260419152231406 @107894
50.4106216 21.7319775 159.1999969 260419152231406 @107968
50.4106216 21.7319832 158.8000031 260419152231593 @108106
50.4106216 21.7319832 158.8000031 260419152231593 @108169
50.4106216 21.7319832 158.5000000 260419152231796 @108294
50.4106216 21.7319832 158.5000000 260419152231796 @108667
50.4106216 21.7319870 158.3000031 260419152232000 @108670
50.4106216 21.7319870 158.3000031 260419152232000 @108673
50.4106216 21.7319870 158.3000031 260419152232203 @108769
50.4106216 21.7319870 157.8999939 260419152232406 @108895
50.4106216 21.7319870 157.8999939 260419152232406 @108971
50.4106216 21.7319908 157.6999969 260419152232593 @109095
50.4106216 21.7319908 157.6999969 260419152232593 @109169
50.4106216 21.7319946 157.3999939 260419152232796 @109294
50.4106216 21.7319946 157.3999939 260419152232796 @109411
50.4106216 21.7319946 157.1999969 260419152233000 @109497
50.4106216 21.7319946 157.1999969 260419152233000 @109572
50.4106216 21.7319946 157.1999969 260419152233203 @110684
50.4106216 21.7319946 157.1999969 260419152233203 @110687
50.4106216 21.7319946 157.1000061 260419152233406 @110691
50.4106216 21.7319984 157.1000061 260419152234203 @110769
50.4106216 21.7320023 157.3000031 260419152234406 @110907
50.4106216 21.7320023 157.3000031 260419152234406 @110969
50.4106216 21.7320061 157.3000031 260419152234593 @111139
50.4106216 21.7320061 157.3000031 260419152234593 @111168
50.4106216 21.7320118 157.3999939 260419152234796 @111295
50.4106216 21.7320118 157.3999939 260419152234796 @111368
50.4106216 21.7320156 157.5000000 260419152235000 @111494
50.4106216 21.7320156 157.5000000 260419152235000 @111568
50.4106293 21.7320232 157.6999969 260419152235203 @111728
50.4106293 21.7320232 157.6999969 260419152235203 @111770
50.4106293 21.7320309 157.8000031 260419152235406 @111961
50.4106293 21.7320309 157.8000031 260419152235406 @111968
50.4106293 21.7320442 157.8000031 260419152235593 @112095
50.4106293 21.7320442 157.8000031 260419152235593 @112168
50.4106369 21.7320480 157.8000031 260419152235796 @112295
50.4106369 21.7320480 157.8000031 260419152235796 @112376
50.4106369 21.7320557 157.8999939 260419152236000 @112495
50.4106369 21.7320557 157.8999939 260419152236000 @112625
50.4106369 21.7320595 157.8999939 260419152236203 @112696
50.4106369 21.7320595 157.8999939 260419152236203 @112770
50.4106369 21.7320728 157.8999939 260419152236406 @112895
50.4106369 21.7320728 157.8999939 260419152236406 @112969
50.4106445 21.7320766 157.8000031 260419152236593 @113118
50.4106445 21.7320766 157.8000031 260419152236593 @113169
50.4106445 21.7320843 157.8000031 260419152236796 @113295
50.4106445 21.7320843 157.8000031 260419152236796 @113397
50.4106445 21.7320919 157.8000031 260419152237000 @113495
50.4106445 21.7320919 157.8000031 260419152237000 @113569
50.4106522 21.7320995 157.8000031 260419152237203 @113950
50.4106522 21.7320995 157.8000031 260419152237203 @113953
50.4106522 21.7321091 157.8000031 260419152237406 @113956
50.4106522 21.7321167 157.8000031 260419152237593 @114095
50.4106522 21.7321167 157.8000031 260419152237593 @114169
50.4106598 21.7321243 157.8000031 260419152237796 @114295
50.4106598 21.7321243 157.8000031 260419152237796 @114369
50.4106598 21.7321339 157.8000031 260419152238000 @114512
50.4106598 21.7321339 157.8000031 260419152238000 @114569
50.4106598 21.7321415 157.8999939 260419152238203 @114695
50.4106598 21.7321415 157.8999939 260419152238203 @114769
50.4106674 21.7321453 157.8999939 260419152238406 @114895
50.4106674 21.7321453 157.8999939 260419152238406 @115011
50.4106674 21.7321529 157.8999939 260419152238593 @115095
50.4106674 21.7321529 157.8999939 260419152238593 @115169
50.4106674 21.7321568 158.0000000 260419152238796 @115295
50.4106674 21.7321568 158.0000000 260419152238796 @115369
50.4106674 21.7321606 158.0000000 260419152239000 @115531
50.4106674 21.7321606 158.0000000 260419152239000 @115569
50.4106789 21.7321701 158.1000061 260419152239203 @115696
50.4106789 21.7321701 158.1000061 260419152239203 @115781
50.4106789 21.7321739 158.1000061 260419152239406 @115895
50.4106789 21.7321739 158.1000061 260419152239406 @115969
50.4106789 21.7321815 158.1000061 260419152239593 @116095
50.4106789 21.7321815 158.1000061 260419152239593 @116169
50.4106789 21.7321854 158.1000061 260419152239796 @116295
50.4106789 21.7321854 158.1000061 260419152239796 @116370
50.4106865 21.7321892 158.1000061 260419152240000 @116495
50.4106865 21.7321892 158.1000061 260419152240000 @116586
50.4106865 21.7321949 158.1000061 260419152240203 @116695
50.4106865 21.7321949 158.1000061 260419152240203 @116769
50.4106865 21.7321987 158.1000061 260419152240406 @116895
50.4106865 21.7321987 158.1000061 260419152240406 @116969
50.4106865 21.7322025 158.1000061 260419152240593 @117095
50.4106865 21.7322025 158.1000061 260419152240593 @117169
50.4106865 21.7322102 158.1000061 260419152240796 @117295
50.4106865 21.7322102 158.1000061 260419152240796 @117369
50.4106865 21.7322140 158.0000000 260419152241000 @117510
50.4106865 21.7322140 158.0000000 260419152241000 @117570
50.4106865 21.7322140 158.1000061 260419152241203 @117695
50.4106865 21.7322140 158.1000061 260419152241203 @117769
50.4106865 21.7322140 158.1999969 260419152241406 @117918
50.4106865 21.7322140 158.1999969 260419152241406 @118017
50.4106865 21.7322178 158.1999969 260419152241593 @118095
50.4106865 21.7322178 158.1999969 260419152241593 @118169
50.4106865 21.7322178 158.3000031 260419152241796 @118297
50.4106865 21.7322178 158.3000031 260419152241796 @11836950.4106941 21.7322216 158.6000061 260419152242203 @119121
50.4106941 21.7322216 158.6000061 260419152242406 @119124
50.4106941 21.7322216 158.6000061 260419152242406 @119127
50.4106941 21.7322273 158.8000031 260419152242796 @119308
50.4106941 21.7322273 158.8000031 260419152242796 @119370
50.4106941 21.7322273 158.8000031 260419152243000 @119495
50.4106941 21.7322273 158.8000031 260419152243000 @119588
50.4106941 21.7322311 158.8000031 260419152243203 @119695
50.4106941 21.7322311 158.8000031 260419152243203 @119769
50.4106941 21.7322311 158.8999939 260419152243406 @119896
50.4106941 21.7322311 158.8999939 260419152243406 @119970
50.4106941 21.7322311 158.8999939 260419152243593 @120106
50.4106941 21.7322311 158.8999939 260419152243593 @120169
50.4106941 21.7322311 158.8999939 260419152243796 @120346
50.4106941 21.7322311 158.8999939 260419152243796 @120369
50.4106941 21.7322311 159.0000000 260419152244000 @120495
50.4106941 21.7322311 159.0000000 260419152244000 @120577
50.4106941 21.7322311 159.0000000 260419152244203 @120695
50.4106941 21.7322311 159.0000000 260419152244203 @120770
50.4106941 21.7322311 159.1000061 260419152244406 @120895
50.4106941 21.7322311 159.1000061 260419152244406 @120969
50.4106941 21.7322311 159.1000061 260419152244593 @121162
50.4106941 21.7322311 159.1000061 260419152244593 @121169
50.4106941 21.7322311 159.1000061 260419152244796 @121295
50.4106941 21.7322311 159.1000061 260419152244796 @121391
50.4106941 21.7322311 159.1999969 260419152245000 @121495
50.4106941 21.7322311 159.1999969 260419152245000 @121569
50.4106941 21.7322311 159.1999969 260419152245203 @121695
50.4106941 21.7322311 159.1999969 260419152245203 @121769
50.4106941 21.7322311 159.1999969 260419152245406 @121912
50.4106941 21.7322311 159.1999969 260419152245406 @121970
50.4106941 21.7322311 159.3000031 260419152245593 @122095
50.4106941 21.7322311 159.3000031 260419152245593 @122185
50.4107018 21.7322273 159.3000031 260419152245796 @122296
50.4107018 21.7322273 159.3000031 260419152245796 @122419
50.4107018 21.7322273 159.3000031 260419152246000 @122496
50.4107018 21.7322273 159.3000031 260419152246000 @122570
50.4107018 21.7322273 159.3999939 260419152246203 @122699
50.4107018 21.7322273 159.3999939 260419152246203 @122770
50.4107018 21.7322273 159.3999939 260419152246406 @122895
50.4107018 21.7322273 159.3999939 260419152246406 @122969
50.4107018 21.7322273 159.5000000 260419152246593 @123097
50.4107018 21.7322273 159.5000000 260419152246593 @123181
50.4107018 21.7322273 159.5000000 260419152246796 @123297
50.4107018 21.7322273 159.5000000 260419152246796 @123430
50.4107018 21.7322273 159.6000061 260419152247000 @123497
50.4107018 21.7322273 159.6000061 260419152247000 @12357050.4107018 21.7322273 159.6999969 260419152247593 @124357
50.4107018 21.7322273 159.6999969 260419152247593 @124360
50.4107018 21.7322273 159.8000031 260419152247796 @124363
50.4107018 21.7322216 159.8000031 260419152248000 @124500
50.4107018 21.7322216 159.8000031 260419152248000 @124574
50.4107018 21.7322216 159.8000031 260419152248203 @124698
50.4107018 21.7322216 159.8000031 260419152248203 @124772
50.4107018 21.7322216 159.8999939 260419152248406 @124897
50.4107018 21.7322216 159.8999939 260419152248406 @125014
50.4107018 21.7322216 159.8999939 260419152248593 @125097
50.4107018 21.7322216 159.8999939 260419152248593 @125171
50.4107018 21.7322216 159.8999939 260419152248796 @125316
50.4107018 21.7322216 159.8999939 260419152248796 @125370
50.4107094 21.7322216 159.8999939 260419152249000 @125513
50.4107094 21.7322216 159.8999939 260419152249000 @125570
50.4107094 21.7322216 159.8999939 260419152249203 @125696
50.4107094 21.7322216 159.8999939 260419152249203 @125770
50.4107094 21.7322273 159.8000031 260419152249406 @125898
50.4107094 21.7322273 159.8000031 260419152249406 @125970
50.4107094 21.7322273 159.8000031 260419152249593 @126096
50.4107094 21.7322273 159.8000031 260419152249593 @126170
50.4107094 21.7322273 159.8000031 260419152249796 @126296
50.4107094 21.7322273 159.8000031 260419152249796 @126370
50.4107094 21.7322311 159.6999969 260419152250000 @126541
50.4107094 21.7322311 159.6999969 260419152250000 @126572
50.4107094 21.7322311 159.6999969 260419152250203 @126696
50.4107094 21.7322311 159.6999969 260419152250203 @126775
50.4107094 21.7322311 159.6000061 260419152250406 @126896
50.4107094 21.7322311 159.6000061 260419152250406 @126990
50.4107094 21.7322350 159.6000061 260419152250593 @127096
50.4107094 21.7322350 159.6000061 260419152250593 @127170
50.4107094 21.7322350 159.6000061 260419152250796 @127296
50.4107094 21.7322350 159.6000061 260419152250796 @127370
50.4107094 21.7322350 159.5000000 260419152251000 @127499
50.4107094 21.7322350 159.5000000 260419152251000 @127573
50.4107094 21.7322350 159.5000000 260419152251203 @127731
50.4107094 21.7322350 159.5000000 260419152251203 @127773
50.4107170 21.7322388 159.6000061 260419152251406 @127896
50.4107170 21.7322388 159.6000061 260419152251406 @128011
50.4107170 21.7322388 159.6000061 260419152251593 @128096
50.4107170 21.7322388 159.6000061 260419152251593 @128170
50.4107170 21.7322388 159.6000061 260419152251796 @128297
50.4107170 21.7322388 159.6000061 260419152251796 @128381
50.4107170 21.7322388 159.6999969 260419152252000 @128519
50.4107170 21.7322388 159.6999969 260419152252000 @128571
50.4107170 21.7322388 159.8000031 260419152252203 @128747
50.4107170 21.7322388 159.8000031 260419152252203 @12877150.4107094 21.7322350 160.1999969 260419152252796 @129619
50.4107094 21.7322350 160.1999969 260419152252796 @129622
50.4107094 21.7322350 160.1999969 260419152253000 @129625
50.4107094 21.7322350 160.1999969 260419152253000 @129628
50.4107094 21.7322350 160.3000031 260419152253203 @129697
50.4107094 21.7322350 160.3000031 260419152253203 @129808
50.4107094 21.7322350 160.3000031 260419152253406 @129897
50.4107094 21.7322350 160.3000031 260419152253406 @129971
50.4107094 21.7322350 160.3000031 260419152253593 @130097
50.4107094 21.7322350 160.3000031 260419152253593 @130171
50.4107094 21.7322350 160.3999939 260419152253796 @130338
50.4107094 21.7322350 160.3999939 260419152253796 @130371
50.4107094 21.7322350 160.3999939 260419152254000 @130500
50.4107094 21.7322350 160.3999939 260419152254000 @130605
50.4107094 21.7322311 160.5000000 260419152254203 @130699
50.4107094 21.7322311 160.5000000 260419152254203 @130838
50.4107094 21.7322311 160.6999969 260419152254406 @130896
50.4107094 21.7322311 160.6999969 260419152254406 @130970
50.4107094 21.7322311 160.8000031 260419152254593 @131095
50.4107094 21.7322311 160.8000031 260419152254593 @131174
50.4107094 21.7322311 160.8999939 260419152254796 @131296
50.4107094 21.7322311 160.8999939 260419152254796 @131390
50.4107094 21.7322311 161.0000000 260419152255000 @131496
50.4107094 21.7322311 161.0000000 260419152255000 @131570
50.4107094 21.7322311 161.1000061 260419152255203 @131696
50.4107094 21.7322311 161.1000061 260419152255203 @131770
50.4107094 21.7322311 161.1000061 260419152255406 @131897
50.4107094 21.7322311 161.1000061 260419152255406 @131970
50.4107094 21.7322350 161.1999969 260419152255593 @132132
50.4107094 21.7322350 161.1999969 260419152255593 @132169
50.4107094 21.7322350 161.3000031 260419152255796 @132296
50.4107094 21.7322350 161.3000031 260419152255796 @132411
50.4107094 21.7322350 161.3999939 260419152256000 @132496
50.4107094 21.7322350 161.3999939 260419152256000 @132570
50.4107094 21.7322350 161.5000000 260419152256203 @132696
50.4107094 21.7322350 161.5000000 260419152256203 @132770
50.4107094 21.7322350 161.6000061 260419152256406 @132920
50.4107094 21.7322350 161.6000061 260419152256406 @132970
50.4107094 21.7322350 161.6999969 260419152256593 @133097
50.4107094 21.7322350 161.6999969 260419152256593 @133170
50.4107094 21.7322350 161.6999969 260419152256796 @133296
50.4107094 21.7322350 161.6999969 260419152256796 @133370
50.4107094 21.7322350 161.8999939 260419152257000 @133498
50.4107094 21.7322350 161.8999939 260419152257000 @133571
50.4107094 21.7322350 162.0000000 260419152257203 @133707
50.4107094 21.7322350 162.0000000 260419152257203 @133771
50.4107094 21.7322311 162.1000061 260419152257406 @13394050.4107094 21.7322311 162.3000031 260419152258000 @134859
50.4107018 21.7322273 162.3999939 260419152258203 @134862
50.4107018 21.7322273 162.3999939 260419152258203 @134865
50.4107018 21.7322273 162.5000000 260419152258406 @134947
50.4107018 21.7322273 162.5000000 260419152258406 @134970
50.4107018 21.7322273 162.6000061 260419152258593 @135096
50.4107018 21.7322273 162.6000061 260419152258593 @135170
50.4107018 21.7322273 162.6000061 260419152258796 @135296
50.4107018 21.7322273 162.6000061 260419152258796 @135370
50.4107018 21.7322273 162.6999969 260419152259000 @135515
50.4107018 21.7322273 162.6999969 260419152259000 @135570
50.4107018 21.7322216 162.8000031 260419152259203 @135697
50.4107018 21.7322216 162.8000031 260419152259203 @135771
50.4107018 21.7322216 162.8000031 260419152259406 @135897
50.4107018 21.7322216 162.8000031 260419152259406 @136019
50.4107018 21.7322216 162.8999939 260419152259593 @136096
50.4107018 21.7322216 162.8999939 260419152259593 @136220
50.4107018 21.7322178 162.8999939 260419152259796 @136295
50.4107018 21.7322178 162.8999939 260419152259796 @136369
50.4107018 21.7322178 163.0000000 260419152300000 @136533
50.4107018 21.7322178 163.0000000 260419152300000 @136569
50.4107018 21.7322178 163.0000000 260419152300203 @136696
50.4107018 21.7322178 163.0000000 260419152300203 @136770
50.4107018 21.7322140 163.1000061 260419152300406 @136906
50.4107018 21.7322140 163.1000061 260419152300406 @136972
50.4107018 21.7322102 163.1999969 260419152300593 @137143
50.4107018 21.7322102 163.1999969 260419152300593 @137173
50.4107018 21.7322102 163.1999969 260419152300796 @137298
50.4107018 21.7322102 163.1999969 260419152300796 @137423
50.4107018 21.7322102 163.3000031 260419152301000 @137498
50.4107018 21.7322102 163.3000031 260419152301000 @137572
50.4107018 21.7322063 163.3000031 260419152301203 @137698
50.4107018 21.7322063 163.3000031 260419152301203 @137772
50.4107018 21.7322025 163.3999939 260419152301406 @137927
50.4107018 21.7322025 163.3999939 260419152301406 @137972
50.4107018 21.7322025 163.3999939 260419152301593 @138097
50.4107018 21.7322025 163.3999939 260419152301593 @138171
50.4107018 21.7321987 163.5000000 260419152301796 @138296
50.4107018 21.7321987 163.5000000 260419152301796 @138370
50.4107018 21.7321949 163.5000000 260419152302000 @138497
50.4107018 21.7321949 163.5000000 260419152302000 @138571
50.4107018 21.7321949 163.6000061 260419152302203 @138697
50.4107018 21.7321949 163.6000061 260419152302203 @138771
50.4107018 21.7321892 163.6000061 260419152302406 @138954
50.4107018 21.7321892 163.6000061 260419152302406 @138973
50.4107018 21.7321854 163.6999969 260419152302593 @139097
50.4107018 21.7321854 163.6999969 260419152302593 @13917150.4107018 21.7321739 163.8000031 260419152303203 @140096
50.4107018 21.7321701 163.8999939 260419152303406 @140100
50.4107018 21.7321701 163.8999939 260419152303406 @140103
50.4107018 21.7321701 163.8999939 260419152303593 @140106
50.4107018 21.7321701 163.8999939 260419152303593 @140226
50.4107018 21.7321663 164.0000000 260419152303796 @140298
50.4107018 21.7321663 164.0000000 260419152303796 @140372
50.4107018 21.7321606 164.0000000 260419152304000 @140540
50.4107018 21.7321606 164.0000000 260419152304000 @140570
50.4107018 21.7321568 164.0000000 260419152304203 @140700
50.4107018 21.7321568 164.0000000 260419152304203 @140790
50.4107018 21.7321529 164.1000061 260419152304406 @140898
50.4107018 21.7321529 164.1000061 260419152304406 @140973
50.4107018 21.7321453 164.1000061 260419152304593 @141098
50.4107018 21.7321453 164.1000061 260419152304593 @141173
50.4107018 21.7321377 164.1999969 260419152304796 @141298
50.4107018 21.7321377 164.1999969 260419152304796 @141373
50.4107018 21.7321243 164.3000031 260419152305000 @141529
50.4107018 21.7321243 164.3000031 260419152305000 @141575
50.4107018 21.7321167 164.3000031 260419152305203 @141699
50.4107018 21.7321167 164.3000031 260419152305203 @141808
50.4107018 21.7321091 164.3999939 260419152305406 @141900
50.4107018 21.7321091 164.3999939 260419152305406 @141974
50.4107018 21.7320995 164.5000000 260419152305593 @142098
50.4107018 21.7320995 164.5000000 260419152305593 @142173
50.4107018 21.7320919 164.5000000 260419152305796 @142317
50.4107018 21.7320919 164.5000000 260419152305796 @142373
50.4107018 21.7320843 164.6000061 260419152306000 @142550
50.4107018 21.7320843 164.6000061 260419152306000 @142573
50.4107018 21.7320805 164.6999969 260419152306203 @142699
50.4107018 21.7320805 164.6999969 260419152306203 @142774
50.4107018 21.7320728 164.6999969 260419152306406 @142897
50.4107018 21.7320728 164.6999969 260419152306406 @142972
50.4107018 21.7320633 164.8000031 260419152306593 @143136
50.4107018 21.7320633 164.8000031 260419152306593 @143174
50.4107018 21.7320557 164.8999939 260419152306796 @143299
50.4107018 21.7320557 164.8999939 260419152306796 @143374
50.4106941 21.7320480 164.8999939 260419152307000 @143498
50.4106941 21.7320480 164.8999939 260419152307000 @143605
50.4106941 21.7320442 165.0000000 260419152307203 @143702
50.4106941 21.7320442 165.0000000 260419152307203 @143819
50.4106941 21.7320442 165.0000000 260419152307406 @143898
50.4106941 21.7320442 165.0000000 260419152307406 @143973
50.4106941 21.7320385 165.1000061 260419152307593 @144099
50.4106941 21.7320385 165.1000061 260419152307593 @144173
50.4106941 21.7320347 165.1999969 260419152307796 @144328
50.4106941 21.7320347 165.1999969 260419152307796 @14437450.4106941 21.7320232 165.3999939 260419152308593 @145308
50.4106941 21.7320232 165.3999939 260419152308593 @145311
50.4106941 21.7320194 165.3999939 260419152308796 @145367
50.4106941 21.7320156 165.5000000 260419152309000 @145503
50.4106941 21.7320156 165.5000000 260419152309000 @145578
50.4106941 21.7320156 165.5000000 260419152309203 @145700
50.4106941 21.7320156 165.5000000 260419152309203 @145775
50.4106941 21.7320118 165.5000000 260419152309406 @145902
50.4106941 21.7320118 165.5000000 260419152309406 @145976
50.4106941 21.7320118 165.5000000 260419152309593 @146150
50.4106941 21.7320118 165.5000000 260419152309593 @146176
50.4106941 21.7320061 165.5000000 260419152309796 @146299
50.4106941 21.7320061 165.5000000 260419152309796 @146409
50.4106941 21.7320061 165.6000061 260419152310000 @146499
50.4106941 21.7320061 165.6000061 260419152310000 @146574
50.4106941 21.7320061 165.6000061 260419152310203 @146700
50.4106941 21.7320061 165.6000061 260419152310203 @146774
50.4106941 21.7320061 165.6000061 260419152310406 @146952
50.4106941 21.7320061 165.6000061 260419152310406 @146974
50.4106865 21.7320061 165.6000061 260419152310593 @147099
50.4106865 21.7320061 165.6000061 260419152310593 @147202
50.4106865 21.7320061 165.6000061 260419152310796 @147299
50.4106865 21.7320061 165.6000061 260419152310796 @147374
50.4106865 21.7320023 165.6000061 260419152311000 @147499
50.4106865 21.7320023 165.6000061 260419152311000 @147574
50.4106865 21.7320023 165.6000061 260419152311203 @147699
50.4106865 21.7320023 165.6000061 260419152311203 @147774
50.4106865 21.7320023 165.6999969 260419152311406 @147899
50.4106865 21.7320023 165.6999969 260419152311406 @147974
50.4106865 21.7320023 165.6999969 260419152311593 @148099
50.4106865 21.7320023 165.6999969 260419152311593 @148224
50.4106865 21.7319984 165.6999969 260419152311796 @148314
50.4106865 21.7319984 165.6999969 260419152311796 @148374
50.4106865 21.7319984 165.6999969 260419152312000 @148502
50.4106865 21.7319984 165.6999969 260419152312000 @148579
50.4106865 21.7319984 165.6999969 260419152312203 @148716
50.4106865 21.7319984 165.6999969 260419152312203 @148779
50.4106789 21.7319946 165.6999969 260419152312406 @148903
50.4106789 21.7319946 165.6999969 260419152312406 @149028
50.4106789 21.7319946 165.6999969 260419152312593 @149100
50.4106789 21.7319946 165.6999969 260419152312593 @149175
50.4106789 21.7319946 165.6999969 260419152312796 @149300
50.4106789 21.7319946 165.6999969 260419152312796 @149375
50.4106789 21.7319908 165.8000031 260419152313000 @149530
50.4106789 21.7319908 165.8000031 260419152313000 @149576
50.4106789 21.7319908 165.8000031 260419152313203 @149700
50.4106789 21.7319908 165.8000031 260419152313203 @14977550.4106865 21.7319908 165.8000031 260419152313796 @150596
50.4106865 21.7319908 165.8000031 260419152313796 @150599
50.4106865 21.7319870 165.8999939 260419152314000 @150602
50.4106789 21.7319870 165.8999939 260419152314203 @150703
50.4106789 21.7319870 165.8999939 260419152314203 @150776
50.4106789 21.7319870 165.8999939 260419152314406 @150909
50.4106789 21.7319870 165.8999939 260419152314406 @150976
50.4106789 21.7319870 165.8999939 260419152314593 @151159
50.4106789 21.7319870 165.8999939 260419152314593 @151176
50.4106865 21.7319832 165.8999939 260419152314796 @151304
50.4106865 21.7319832 165.8999939 260419152314796 @151403
50.4106865 21.7319832 165.8999939 260419152315000 @151504
50.4106865 21.7319832 165.8999939 260419152315000 @151579
50.4106865 21.7319775 165.8999939 260419152315203 @151703
50.4106865 21.7319775 165.8999939 260419152315203 @151776
50.4106865 21.7319775 165.8999939 260419152315406 @151902
50.4106865 21.7319775 165.8999939 260419152315406 @151977
50.4106865 21.7319775 166.0000000 260419152315593 @152101
50.4106865 21.7319775 166.0000000 260419152315593 @152184
50.4106865 21.7319775 166.0000000 260419152315796 @152301
50.4106865 21.7319775 166.0000000 260419152315796 @152430
50.4106865 21.7319736 166.0000000 260419152316000 @152519
50.4106865 21.7319736 166.0000000 260419152316000 @152576
50.4106865 21.7319736 166.0000000 260419152316203 @152702
50.4106865 21.7319736 166.0000000 260419152316203 @152777
50.4106865 21.7319736 166.0000000 260419152316406 @152920
50.4106865 21.7319736 166.0000000 260419152316406 @152976
50.4106865 21.7319736 166.1000061 260419152316593 @153101
50.4106865 21.7319736 166.1000061 260419152316593 @153226
50.4106865 21.7319736 166.1000061 260419152316796 @153301
50.4106865 21.7319736 166.1000061 260419152316796 @153379
50.4106865 21.7319698 166.1000061 260419152317000 @153501
50.4106865 21.7319698 166.1000061 260419152317000 @153576
50.4106941 21.7319698 166.1000061 260419152317203 @153702
50.4106941 21.7319698 166.1000061 260419152317203 @153776
50.4106941 21.7319698 166.1000061 260419152317406 @153943
50.4106941 21.7319698 166.1000061 260419152317406 @153976
50.4106941 21.7319698 166.1000061 260419152317593 @154102
50.4106941 21.7319698 166.1000061 260419152317593 @154227
50.4106941 21.7319736 166.1000061 260419152317796 @154301
50.4106941 21.7319736 166.1000061 260419152317796 @154376
50.4106941 21.7319736 166.1000061 260419152318000 @154500
50.4106941 21.7319736 166.1000061 260419152318000 @154575
50.4106941 21.7319736 166.1000061 260419152318203 @154730
50.4106941 21.7319736 166.1000061 260419152318203 @154777
50.4106941 21.7319736 166.1000061 260419152318406 @154901
50.4106941 21.7319736 166.1000061 260419152318406 @15497650.4106941 21.7319736 166.0000000 260419152319000 @155800
50.4106941 21.7319736 166.0000000 260419152319000 @155803
50.4106941 21.7319736 166.0000000 260419152319203 @155807
50.4106941 21.7319775 166.0000000 260419152319406 @155902
50.4106941 21.7319775 166.0000000 260419152319406 @155987
50.4106941 21.7319775 166.0000000 260419152319593 @156102
50.4106941 21.7319775 166.0000000 260419152319593 @156180
50.4106941 21.7319775 166.0000000 260419152319796 @156302
50.4106941 21.7319775 166.0000000 260419152319796 @156377
50.4106941 21.7319775 166.0000000 260419152320000 @156501
50.4106941 21.7319775 166.0000000 260419152320000 @156579
50.4106941 21.7319775 166.0000000 260419152320203 @156729
50.4106941 21.7319775 166.0000000 260419152320203 @156776
50.4106941 21.7319775 166.0000000 260419152320406 @156901
50.4106941 21.7319775 166.0000000 260419152320406 @156990
50.4106941 21.7319775 165.8999939 260419152320593 @157101
50.4106941 21.7319775 165.8999939 260419152320593 @157222
50.4106941 21.7319775 165.8999939 260419152320796 @157301
50.4106941 21.7319775 165.8999939 260419152320796 @157376
50.4106941 21.7319775 165.8000031 260419152321000 @157535
50.4106941 21.7319775 165.8000031 260419152321000 @157576
50.4106941 21.7319775 165.8000031 260419152321203 @157701
50.4106941 21.7319775 165.8000031 260419152321203 @157808
50.4106941 21.7319775 165.8000031 260419152321406 @157902
50.4106941 21.7319775 165.8000031 260419152321406 @158036
50.4106941 21.7319775 165.8000031 260419152321593 @158101
50.4106941 21.7319775 165.8000031 260419152321593 @158176
50.4106941 21.7319775 165.8000031 260419152321796 @158301
50.4106941 21.7319775 165.8000031 260419152321796 @158376
50.4106941 21.7319775 165.8000031 260419152322000 @158501
50.4106941 21.7319775 165.8000031 260419152322000 @158576
50.4106941 21.7319775 165.8999939 260419152322203 @158701
50.4106941 21.7319775 165.8999939 260419152322203 @158805
50.4106941 21.7319775 165.8999939 260419152322406 @158901
50.4106941 21.7319775 165.8999939 260419152322406 @158976
50.4106941 21.7319775 166.0000000 260419152322593 @159102
50.4106941 21.7319775 166.0000000 260419152322593 @159177
50.4106941 21.7319832 166.0000000 260419152322796 @159302
50.4106941 21.7319832 166.0000000 260419152322796 @159377
50.4106941 21.7319832 166.1000061 260419152323000 @159501
50.4106941 21.7319832 166.1000061 260419152323000 @159612
50.4106941 21.7319870 166.1000061 260419152323203 @159704
50.4106941 21.7319870 166.1000061 260419152323203 @159778
50.4106941 21.7319870 166.1999969 260419152323406 @159902
50.4106941 21.7319870 166.1999969 260419152323406 @159977
50.4106941 21.7319908 166.1999969 260419152323593 @160114
50.4106941 21.7319908 166.1999969 260419152323593 @16017850.4106941 21.7319984 166.5000000 260419152324203 @161096
50.4106941 21.7320023 166.6000061 260419152324406 @161099
50.4106941 21.7320023 166.6000061 260419152324406 @161102
50.4106941 21.7320023 166.6000061 260419152324593 @161177
50.4106941 21.7320061 166.6999969 260419152324796 @161301
50.4106941 21.7320061 166.6999969 260419152324796 @161409
50.4106941 21.7320118 166.8000031 260419152325000 @161506
50.4106941 21.7320118 166.8000031 260419152325000 @161576
50.4106941 21.7320118 166.8999939 260419152325203 @161701
50.4106941 21.7320118 166.8999939 260419152325203 @161776
50.4106941 21.7320118 167.0000000 260419152325406 @161904
50.4106941 21.7320118 167.0000000 260419152325406 @162003
50.4107018 21.7320118 167.1000061 260419152325593 @162158
50.4107018 21.7320118 167.1000061 260419152325593 @162177
50.4106941 21.7320118 167.1999969 260419152325796 @162303
50.4106941 21.7320118 167.1999969 260419152325796 @162400
50.4106941 21.7320156 167.3000031 260419152326000 @162502
50.4106941 21.7320156 167.3000031 260419152326000 @162577
50.4106941 21.7320156 167.3999939 260419152326203 @162702
50.4106941 21.7320156 167.3999939 260419152326203 @162777
50.4106941 21.7320156 167.3999939 260419152326406 @162929
50.4106941 21.7320156 167.3999939 260419152326406 @162977
50.4106941 21.7320156 167.5000000 260419152326593 @163101
50.4106941 21.7320156 167.5000000 260419152326593 @163187
50.4106941 21.7320156 167.6000061 260419152326796 @163301
50.4106941 21.7320156 167.6000061 260419152326796 @163420
50.4106941 21.7320156 167.6999969 260419152327000 @163502
50.4106941 21.7320156 167.6999969 260419152327000 @163577
50.4106941 21.7320156 167.6999969 260419152327203 @163734
50.4106941 21.7320156 167.6999969 260419152327203 @163780
50.4106941 21.7320156 167.8000031 260419152327406 @163902
50.4106941 21.7320156 167.8000031 260419152327406 @163981
50.4106941 21.7320156 167.8999939 260419152327593 @164102
50.4106941 21.7320156 167.8999939 260419152327593 @164234
50.4106941 21.7320156 167.8999939 260419152327796 @164301
50.4106941 21.7320156 167.8999939 260419152327796 @164378
50.4106941 21.7320156 168.0000000 260419152328000 @164500
50.4106941 21.7320156 168.0000000 260419152328000 @164575
50.4106941 21.7320156 168.1000061 260419152328203 @164755
50.4106941 21.7320156 168.1000061 260419152328203 @164776
50.4106941 21.7320156 168.1000061 260419152328406 @164901
50.4106941 21.7320156 168.1000061 260419152328406 @164976
50.4106941 21.7320156 168.1000061 260419152328593 @165101
50.4106941 21.7320156 168.1000061 260419152328593 @165232
50.4106941 21.7320156 168.1999969 260419152328796 @165300
50.4106941 21.7320156 168.1999969 260419152328796 @165377
50.4106941 21.7320156 168.1999969 260419152329000 @16550050.4106941 21.7320156 168.3000031 260419152329406 @166303
50.4106941 21.7320156 168.3999939 260419152329593 @166306
50.4106941 21.7320156 168.3999939 260419152329593 @166309
50.4106941 21.7320156 168.5000000 260419152330000 @166504
50.4106941 21.7320156 168.5000000 260419152330000 @166579
50.4106941 21.7320156 168.5000000 260419152330203 @166703
50.4106941 21.7320156 168.5000000 260419152330203 @166778
50.4106941 21.7320156 168.5000000 260419152330406 @166901
50.4106941 21.7320156 168.5000000 260419152330406 @167017
50.4106941 21.7320156 168.6000061 260419152330593 @167102
50.4106941 21.7320156 168.6000061 260419152330593 @167177
50.4106941 21.7320156 168.6000061 260419152330796 @167301
50.4106941 21.7320156 168.6000061 260419152330796 @167376
50.4106941 21.7320194 168.6000061 260419152331000 @167524
50.4106941 21.7320194 168.6000061 260419152331000 @167576
50.4106865 21.7320194 168.6999969 260419152331203 @167756
50.4106865 21.7320194 168.6999969 260419152331203 @167776
50.4106865 21.7320194 168.6999969 260419152331406 @167901
50.4106865 21.7320194 168.6999969 260419152331406 @167976
50.4106865 21.7320194 168.6999969 260419152331593 @168102
50.4106865 21.7320194 168.6999969 260419152331593 @168177
50.4106865 21.7320194 168.8000031 260419152331796 @168342
50.4106865 21.7320194 168.8000031 260419152331796 @168376
50.4106865 21.7320194 168.8000031 260419152332000 @168501
50.4106865 21.7320194 168.8000031 260419152332000 @168577
50.4106865 21.7320156 168.8000031 260419152332203 @168701
50.4106865 21.7320156 168.8000031 260419152332203 @168810
50.4106865 21.7320156 168.8000031 260419152332406 @168902
50.4106865 21.7320156 168.8000031 260419152332406 @168976
50.4106865 21.7320156 168.8999939 260419152332593 @169123
50.4106865 21.7320156 168.8999939 260419152332593 @169176
50.4106865 21.7320156 168.8999939 260419152332796 @169302
50.4106865 21.7320156 168.8999939 260419152332796 @169396
50.4106865 21.7320156 168.8999939 260419152333000 @169505
50.4106865 21.7320156 168.8999939 260419152333000 @169624
50.4106865 21.7320118 168.8999939 260419152333203 @169706
50.4106865 21.7320118 168.8999939 260419152333203 @169781
50.4106865 21.7320061 169.0000000 260419152333406 @169903
50.4106865 21.7320061 169.0000000 260419152333406 @169978
50.4106865 21.7320061 169.0000000 260419152333593 @170145
50.4106865 21.7320061 169.0000000 260419152333593 @170176
50.4106865 21.7320023 169.0000000 260419152333796 @170301
50.4106865 21.7320023 169.0000000 260419152333796 @170424
50.4106865 21.7319984 169.0000000 260419152334000 @170501
50.4106865 21.7319984 169.0000000 260419152334000 @170576
50.4106865 21.7319946 169.0000000 260419152334203 @170701
50.4106865 21.7319946 169.0000000 260419152334203 @17077650.4106865 21.7319832 169.0000000 260419152334796 @171545
50.4106865 21.7319832 169.0000000 260419152334796 @171548
50.4106865 21.7319775 168.8999939 260419152335000 @171551
50.4106865 21.7319736 168.8999939 260419152335203 @171702
50.4106865 21.7319736 168.8999939 260419152335203 @171777
50.4106789 21.7319698 168.8999939 260419152335406 @171943
50.4106789 21.7319698 168.8999939 260419152335406 @171976
50.4106789 21.7319660 168.8999939 260419152335593 @172102
50.4106789 21.7319660 168.8999939 260419152335593 @172193
50.4106789 21.7319622 168.8999939 260419152335796 @172301
50.4106789 21.7319622 168.8999939 260419152335796 @172376
50.4106789 21.7319584 168.8999939 260419152336000 @172509
50.4106789 21.7319584 168.8999939 260419152336000 @172581
50.4106789 21.7319546 168.8999939 260419152336203 @172703
50.4106789 21.7319546 168.8999939 260419152336203 @172777
50.4106789 21.7319546 168.8999939 260419152336406 @172932
50.4106789 21.7319546 168.8999939 260419152336406 @172978
50.4106789 21.7319508 168.8999939 260419152336593 @173102
50.4106789 21.7319508 168.8999939 260419152336593 @173177
50.4106789 21.7319508 168.8999939 260419152336796 @173302
50.4106789 21.7319508 168.8999939 260419152336796 @173377
50.4106789 21.7319450 168.8999939 260419152337000 @173502
50.4106789 21.7319450 168.8999939 260419152337000 @173577
50.4106789 21.7319450 168.8999939 260419152337203 @173746
50.4106789 21.7319450 168.8999939 260419152337203 @173778
50.4106789 21.7319412 168.8999939 260419152337406 @173901
50.4106789 21.7319412 168.8999939 260419152337406 @173987
50.4106789 21.7319412 168.8999939 260419152337593 @174101
50.4106789 21.7319412 168.8999939 260419152337593 @174176
50.4106789 21.7319374 168.8999939 260419152337796 @174302
50.4106789 21.7319374 168.8999939 260419152337796 @174377
50.4106674 21.7319336 169.0000000 260419152338000 @174517
50.4106674 21.7319336 169.0000000 260419152338000 @174576
50.4106674 21.7319336 169.0000000 260419152338203 @174701
50.4106674 21.7319336 169.0000000 260419152338203 @174776
50.4106674 21.7319298 169.0000000 260419152338406 @174901
50.4106674 21.7319298 169.0000000 260419152338406 @175009
50.4106674 21.7319298 169.0000000 260419152338593 @175105
50.4106674 21.7319298 169.0000000 260419152338593 @175176
50.4106674 21.7319260 169.0000000 260419152338796 @175322
50.4106674 21.7319260 169.0000000 260419152338796 @175377
50.4106674 21.7319221 169.0000000 260419152339000 @175502
50.4106674 21.7319221 169.0000000 260419152339000 @175594
50.4106674 21.7319221 169.0000000 260419152339203 @175702
50.4106674 21.7319221 169.0000000 260419152339203 @175790
50.4106674 21.7319221 169.0000000 260419152339406 @175902
50.4106674 21.7319221 169.0000000 260419152339406 @176030