9.4258 10.6093 11.5715 11.9567 @5784
9.7506 12.0997 14.0161 14.7833 @6808
9.5699 11.5892 13.2356 13.8948 @7831
9.4612 11.4097 12.9982 13.6342 @8854
9.4636 11.6402 13.4155 14.1263 @10000
9.3573 11.5857 13.4036 14.1314 @11023
9.2005 11.3448 13.0939 13.7941 @12046
9.0884 11.3833 13.2558 14.0055 @13069
8.9220 11.2236 13.1017 13.8536 @14092
8.7434 10.9398 12.7318 13.4493 @15210
8.5663 10.7369 12.5080 13.2171 @16236
8.3675 10.5584 12.3462 13.0620 @17259
8.2243 10.5126 12.3803 13.1281 @18310
8.0649 10.4633 12.4213 13.2052 @19335
7.9278 10.4010 12.4203 13.2288 @20389
7.7428 10.1291 12.0775 12.8575 @21413
7.7060 10.3895 12.5812 13.4587 @22468
7.7369 10.8471 13.3881 14.4055 @23491
7.6314 10.7717 13.3375 14.3648 @24544
7.4907 10.5316 13.0161 14.0109 @25616
7.3568 10.2811 12.6703 13.6269 @26639
7.2004 9.9753 12.2423 13.1499 @27662
7.0702 9.8014 12.0326 12.9260 @28698
6.8777 9.3917 11.4452 12.2674 @29722
6.6152 8.9800 10.9116 11.6849 @30793
6.5071 8.8986 10.8521 11.6342 @31816
6.4276 8.9014 10.9224 11.7315 @32850
6.2765 8.6712 10.6276 11.4108 @33874
6.1483 8.5252 10.4669 11.2443 @34897
6.0240 8.4010 10.3430 11.1205 @35921
5.8946 8.2054 10.0932 10.8490 @36970
5.7917 7.9683 9.7463 10.4581 @38028
5.7175 7.7946 9.4912 10.1705 @39052
5.6415 7.6744 9.3348 9.9996 @40104
5.6143 7.7117 9.4251 10.1111 @41158
5.5265 7.5739 9.2464 9.9160 @42181
5.4175 7.3176 8.8696 9.4910 @43205
5.3885 7.3239 8.9048 9.5377 @44257
5.3694 7.3355 8.9415 9.5845 @45282
5.2980 7.1927 8.7404 9.3600 @46333
5.2905 7.1814 8.7259 9.3443 @47356
5.2881 7.2426 8.8393 9.4785 @48380
5.2597 7.2057 8.7952 9.4317 @49404
5.2429 7.2029 8.8040 9.4451 @50454
5.2096 7.1227 8.6855 9.3111 @51512
5.1581 7.0284 8.5562 9.1679 @52536
5.0972 6.9266 8.4209 9.0191 @53559
5.0316 6.8288 8.2967 8.8845 @54582
4.9642 6.7577 8.2226 8.8092 @55605
4.9142 6.6791 8.1206 8.6978 @56637
4.9062 6.7405 8.2390 8.8389 @57675
5.0644 7.1410 8.8377 9.5170 @58733
5.1360 7.2389 8.9570 9.6449 @59757
5.2013 7.3270 9.0638 9.7591 @60780
5.2517 7.4044 9.1634 9.8676 @61815
5.2709 7.4317 9.1973 9.9041 @62838
5.2863 7.4537 9.2247 9.9337 @63861
5.2919 7.4618 9.2348 9.9447 @64884
5.3085 7.4838 9.2611 9.9727 @65907
5.3759 7.5824 9.3853 10.1071 @66998
5.4429 7.6814 9.5104 10.2427 @68021
5.4628 7.7142 9.5537 10.2901 @69044
5.4899 7.7558 9.6072 10.3485 @70067
5.5099 7.7877 9.6488 10.3939 @71092
5.5764 7.8852 9.7716 10.5269 @72190
5.6065 7.9281 9.8250 10.5845 @73224
5.6499 7.9969 9.9146 10.6824 @74277
5.7027 8.0826 10.0272 10.8058 @75302
5.7473 8.1533 10.1193 10.9064 @76355
5.7719 8.1940 10.1730 10.9654 @77432
5.7612 8.1851 10.1658 10.9588 @78455
5.7282 8.1445 10.1189 10.9094 @79478
5.6841 8.0878 10.0519 10.8383 @80509
5.6711 8.0751 10.0395 10.8259 @81532
5.6299 8.0202 9.9733 10.7552 @82557
5.5727 7.9401 9.8746 10.6491 @83580
5.5116 7.8579 9.7751 10.5427 @84603
5.4536 7.7802 9.6814 10.4426 @85626
5.3222 7.6004 9.4621 10.2074 @86673
5.2644 7.5211 9.3651 10.1034 @87756
5.2166 7.4525 9.2794 10.0109 @88779
5.1656 7.3797 9.1889 9.9132 @89802
5.0859 7.2659 9.0472 9.7604 @90828
5.0106 7.1597 8.9157 9.6188 @91852
4.9393 7.0591 8.7913 9.4848 @92956
4.8836 6.9765 8.6868 9.3715 @93979
4.8162 6.8785 8.5637 9.2384 @95002
4.7597 6.7960 8.4599 9.1261 @96025
4.7320 6.7539 8.4061 9.0676 @97048
4.7167 6.7340 8.3824 9.0424 @98157
4.7307 6.7580 8.4146 9.0778 @99180
4.7661 6.8084 8.4771 9.1453 @100203
4.8130 6.8741 8.5583 9.2326 @101226
4.8550 6.9316 8.6283 9.3077 @102249
4.8925 6.9804 8.6866 9.3696 @103346
4.9665 7.0827 8.8119 9.5042 @104370
5.0230 7.1602 8.9066 9.6058 @105393
5.0987 7.2684 9.0414 9.7512 @106416
5.1548 7.3470 9.1384 9.8556 @107439
5.2154 7.4344 9.2476 9.9736 @108595
5.4215 7.7437 9.6413 10.4010 @110678
5.4476 7.7890 9.7023 10.4683 @111717
5.4620 7.8199 9.7466 10.5181 @112741
5.4723 7.8439 9.7819 10.5578 @113819
5.4748 7.8614 9.8116 10.5924 @114842
5.4724 7.8794 9.8465 10.6340 @115865
5.4816 7.9087 9.8921 10.6862 @116888
5.5219 7.9832 9.9945 10.7998 @117911
5.5600 8.0533 10.0909 10.9066 @119057
5.5964 8.1212 10.1846 11.0106 @120100
5.6242 8.1762 10.2618 11.0968 @121157
5.6245 8.1898 10.2862 11.1256 @122182
5.6087 8.1781 10.2779 11.1186 @123205
5.6269 8.2141 10.3284 11.1750 @124285
5.6178 8.2058 10.3208 11.1676 @125308
5.5803 8.1530 10.2556 11.0974 @126331
5.5142 8.0582 10.1373 10.9697 @127355
5.4252 7.9283 9.9739 10.7930 @128378
5.3123 7.7637 9.7672 10.5694 @129555
5.0938 7.4410 9.3592 10.1272 @130600
4.9805 7.2734 9.1472 9.8974 @131658
4.8389 7.0646 8.8836 9.6119 @132681
4.6821 6.8332 8.5913 9.2951 @133704
4.5483 6.6355 8.3413 9.0243 @134788
4.4214 6.4490 8.1060 8.7694 @135811
4.2808 6.2418 7.8445 8.4861 @136834
4.1508 6.0503 7.6026 8.2241 @137857
4.0109 5.8455 7.3449 7.9452 @138880
3.8919 5.6739 7.1303 7.7133 @140020
3.7906 5.5291 6.9498 7.5187 @141051
3.6981 5.3986 6.7883 7.3447 @142078
3.6257 5.2947 6.6587 7.2048 @143131
3.5449 5.1801 6.5164 7.0515 @144155
3.4775 5.0847 6.3983 6.9241 @145243
3.4216 5.0051 6.2993 6.8175 @146266
3.3885 4.9573 6.2394 6.7528 @147289
3.3543 4.9070 6.1760 6.6840 @148312
3.3131 4.8465 6.0997 6.6015 @149335
3.2737 4.7891 6.0276 6.5234 @150471
3.2494 4.7545 5.9846 6.4771 @151494
3.2651 4.7803 6.0186 6.5144 @152517
3.2785 4.8019 6.0469 6.5453 @153540
3.3035 4.8393 6.0945 6.5970 @154563
3.3108 4.8500 6.1080 6.6116 @155736
3.2903 4.8197 6.0697 6.5702 @156759
3.3221 4.8686 6.1326 6.6386 @157803
3.3215 4.8698 6.1352 6.6418 @158827
3.3211 4.8705 6.1367 6.6436 @159878
3.2877 4.8225 6.0769 6.5791 @160972
3.2606 4.7820 6.0254 6.5232 @161995
3.2528 4.7693 6.0088 6.5050 @163018
3.2338 4.7396 5.9702 6.4629 @164041
3.2132 4.7090 5.9314 6.4208 @165064
3.1849 4.6679 5.8799 6.3651 @166238
3.1434 4.6071 5.8033 6.2823 @167279
3.1117 4.5602 5.7439 6.2179 @168337
3.0681 4.4952 5.6616 6.1286 @169391
3.0289 4.4368 5.5875 6.0483 @170421
3.0004 4.3946 5.5340 5.9902 @171480
2.9874 4.3748 5.5086 5.9626 @172503
3.0068 4.4008 5.5401 5.9963 @173526
3.0642 4.4805 5.6379 6.1014 @174549
3.0715 4.4893 5.6479 6.1118 @175589
